	SAMPLE_TYPE_ID	IS_FFPE	BRAF_GENE_ANALYSIS_INDICATOR	AGE	PHARMACEUTICAL_TX_ADJUVANT	VIAL_NUMBER	AJCC_PATHOLOGIC_TUMOR_STAGE	KRAS_MUTATION	RADIATION_TREATMENT_ADJUVANT	GENDER	INITIAL_PATHOLOGIC_DX_YEAR	NEW_TUMOR_EVENT_AFTER_INITIAL_TREATMENT	ICD_O_3_HISTOLOGY	DAYS_TO_INITIAL_PATHOLOGIC_DIAGNOSIS	AJCC_STAGING_EDITION	OCT_EMBEDDED	PROSPECTIVE_COLLECTION	DISEASE_CODE	RACE	PERINEURAL_INVASION	BRAF_GENE_ANALYSIS_RESULT	VITAL_STATUS	DFS_STATUS	OS_STATUS	ETHNICITY	AJCC_TUMOR_PATHOLOGIC_PT	LYMPHOVASCULAR_INVASION_INDICATOR	RETROSPECTIVE_COLLECTION	ONCOTREE_CODE	LYMPH_NODES_EXAMINED_IHC_COUNT	HISTORY_NEOADJUVANT_TRTYN	ICD_O_3_SITE	TREATMENT_OUTCOME_FIRST_COURSE	TUMOR_TISSUE_SITE	INFORMED_CONSENT_VERIFIED	CANCER_TYPE_DETAILED	AJCC_NODES_PATHOLOGIC_PN	HISTORY_OTHER_MALIGNANCY	HISTOLOGICAL_DIAGNOSIS	LYMPH_NODES_EXAMINED	SHORTEST_DIMENSION	TUMOR_STATUS	RESIDUAL_TUMOR	SAMPLE_TYPE	PROJECT_CODE	AJCC_METASTASIS_PATHOLOGIC_PM	ICD_10	KRAS_GENE_ANALYSIS_INDICATOR	PRIMARY_SITE	VASCULAR_INVASION_INDICATOR
TCGA-AG-A008	-1	-1	2	50	-1	-1	1	-1	-1	2	12	-1	3	1	2	-1	2	-1	-1	-1	-1	2	2	1	-1	2	2	1	1	-1	2	11	-1	1	1	1	7	3	4	1	-1	2	2	-1	-1	4	2	2	8	2
TCGA-DC-4745	-1	-1	2	49	-1	-1	3	-1	-1	2	14	-1	4	1	1	-1	2	-1	1	2	-1	2	2	1	1	3	2	1	1	-1	2	6	-1	1	1	1	6	3	1	1	-1	-1	2	-1	-1	4	11	2	6	2
TCGA-AG-A002	-1	-1	2	35	-1	-1	1	-1	-1	1	12	-1	4	1	2	-1	2	-1	-1	-1	-1	2	2	1	-1	2	-1	1	1	-1	2	11	-1	1	1	1	7	3	1	1	-1	2	2	-1	-1	4	2	2	8	-1
TCGA-DC-4749	-1	-1	2	57	-1	-1	1	-1	-1	1	14	-1	4	1	1	-1	2	-1	1	2	-1	2	2	1	1	2	1	1	1	-1	2	6	-1	1	1	1	7	3	1	1	-1	1	2	-1	-1	4	11	2	6	1
TCGA-WS-AB45	2	1	-1	52	2	1	2	-1	2	2	11	2	3	1	2	2	2	-1	2	2	-1	2	2	1	1	3	2	1	3	5	2	9	2	2	1	3	7	3	3	1	-1	1	1	2	-1	5	10	-1	3	2
TCGA-AA-3697	2	1	2	77	-1	1	2	-1	-1	1	4	-1	4	1	3	-1	2	-1	-1	-1	-1	2	2	1	-1	3	-1	1	2	-1	2	2	-1	2	1	2	7	3	2	1	1	2	2	2	-1	4	3	2	9	-1
TCGA-AA-3696	2	1	2	75	-1	1	4	-1	-1	2	12	-1	4	1	2	-1	2	-1	-1	-1	-1	1	-1	2	-1	3	2	1	2	-1	2	3	-1	2	1	2	8	3	2	1	6	2	4	2	-1	3	4	2	9	2
TCGA-AA-3695	2	1	2	63	-1	1	4	-1	-1	2	12	-1	4	1	2	-1	2	-1	-1	-1	-1	2	2	1	-1	3	1	1	2	-1	2	9	-1	2	1	2	9	3	2	1	5	2	4	2	-1	3	10	2	3	2
TCGA-AA-3693	2	1	2	77	-1	1	4	-1	-1	2	11	-1	4	1	2	-1	2	-1	-1	-1	-1	2	2	1	-1	1	1	1	2	-1	2	3	-1	2	1	2	8	3	2	1	3	2	4	2	-1	3	4	2	9	2
TCGA-AA-3692	2	1	2	47	-1	1	4	-1	-1	2	11	-1	3	1	2	-1	2	-1	-1	-1	-1	1	1	2	-1	3	2	1	3	-1	2	2	-1	2	1	3	9	2	3	1	3	2	4	2	-1	3	3	2	7	2
TCGA-AG-3728	-1	-1	2	73	-1	-1	3	-1	-1	1	7	-1	4	1	2	-1	2	-1	-1	-1	-1	2	2	1	-1	3	2	1	1	-1	2	11	-1	1	1	1	8	3	1	1	-1	2	2	-1	-1	4	2	2	8	2
TCGA-DM-A1DA	2	1	1	71	-1	1	3	2	-1	2	1	-1	4	1	-1	2	2	-1	1	-1	2	1	-1	2	1	3	-1	1	2	-1	2	9	-1	2	1	2	9	3	2	1	-1	-1	-1	2	-1	4	10	1	3	-1
TCGA-A6-6782	2	1	2	82	-1	1	2	-1	-1	1	13	-1	4	1	1	-1	1	-1	1	1	-1	2	2	1	1	6	2	2	2	-1	2	8	-1	2	1	2	7	3	2	1	10	1	-1	2	-1	5	9	2	-1	-1
TCGA-A6-6781	2	1	2	43	-1	1	3	-1	-1	1	13	-1	3	1	1	-1	1	1	1	-1	-1	2	2	1	1	5	1	2	3	-1	2	2	-1	2	1	3	4	3	3	1	1	1	2	2	1	5	3	2	-1	2
TCGA-F4-6459	2	1	2	61	-1	1	3	-1	-1	2	13	-1	4	1	1	-1	1	-1	1	2	-1	1	-1	2	1	3	2	2	2	5	2	3	-1	2	1	2	3	3	2	1	6	1	2	2	-1	4	4	2	9	2
TCGA-AG-3725	-1	-1	2	90	-1	-1	3	-1	-1	2	10	-1	4	1	3	-1	2	-1	-1	-1	-1	2	2	1	-1	3	1	1	1	-1	2	6	-1	1	1	1	9	3	1	1	-1	2	2	-1	-1	4	11	2	8	1
TCGA-DM-A1DB	2	1	1	68	-1	1	2	2	-1	1	5	-1	4	1	-1	2	2	-1	1	-1	2	1	-1	2	1	3	2	1	2	-1	2	3	-1	2	1	2	7	3	2	1	-1	-1	-1	2	-1	4	4	1	9	2
TCGA-AG-3727	-1	-1	2	78	-1	-1	3	-1	-1	2	7	-1	4	1	3	-1	2	-1	-1	-1	-1	2	2	1	-1	3	1	1	1	-1	2	6	-1	1	1	1	8	3	1	1	-1	2	2	-1	-1	4	11	2	8	2
TCGA-AG-3726	-1	-1	2	63	-1	-1	1	-1	-1	2	7	-1	4	1	3	-1	2	-1	-1	-1	-1	2	2	1	-1	2	2	1	1	-1	2	11	-1	1	1	1	7	3	1	1	-1	-1	2	-1	-1	4	2	2	8	2
TCGA-DY-A1DD	-1	-1	1	77	-1	-1	3	2	-1	2	1	-1	4	1	-1	-1	2	-1	1	-1	2	1	-1	2	1	3	-1	1	1	-1	2	6	-1	1	1	1	8	3	1	1	-1	-1	-1	-1	-1	4	11	1	6	-1
TCGA-DY-A1DE	-1	-1	1	56	-1	-1	2	1	-1	2	6	-1	4	1	-1	-1	2	-1	1	-1	2	2	1	1	1	3	2	1	1	-1	2	11	-1	1	1	1	7	3	1	1	-1	-1	-1	-1	-1	4	2	1	8	2
TCGA-DY-A1DF	-1	-1	1	73	-1	-1	3	1	-1	2	6	-1	4	1	-1	-1	2	-1	1	-1	2	1	-1	2	1	3	-1	1	1	-1	2	6	-1	1	1	1	9	3	1	1	-1	-1	-1	-1	-1	4	11	1	6	-1
TCGA-AH-6643	-1	-1	2	50	-1	-1	3	-1	-1	1	14	-1	4	1	1	-1	2	-1	1	2	-1	1	1	2	-1	3	2	1	1	-1	2	6	-1	1	1	1	2	3	1	1	-1	1	2	-1	-1	4	11	2	6	2
TCGA-AH-6644	-1	-1	-1	73	-1	-1	-1	-1	-1	1	14	-1	4	1	1	-1	2	-1	1	-1	-1	2	2	1	-1	3	2	1	1	-1	2	6	-1	1	1	1	1	3	1	1	-1	1	-1	-1	-1	5	11	-1	6	2
TCGA-DM-A1HA	2	1	1	82	-1	1	3	1	-1	1	5	-1	4	1	-1	2	2	-1	1	-1	2	2	2	1	1	3	-1	1	2	-1	2	8	-1	2	1	2	9	3	2	1	-1	-1	-1	2	-1	4	9	1	1	-1
TCGA-DM-A1HB	2	1	1	75	-1	1	3	2	-1	1	5	-1	3	1	-1	2	2	-1	1	-1	1	2	2	1	1	3	2	1	3	-1	2	1	-1	2	1	3	8	3	-1	1	-1	-1	-1	2	-1	4	7	1	4	2
TCGA-DY-A1DC	-1	-1	1	72	-1	-1	2	2	-1	2	5	-1	4	1	-1	-1	2	-1	1	-1	2	1	1	2	1	3	2	1	1	-1	2	6	-1	1	1	1	7	3	1	1	-1	-1	-1	-1	-1	4	11	1	6	2
TCGA-5M-AAT6	2	1	-1	40	1	1	4	-1	2	2	12	1	4	1	2	2	2	-1	2	1	-1	1	1	2	2	6	1	1	2	5	2	8	3	2	1	2	2	3	2	1	-1	2	4	2	-1	1	9	2	4	1
TCGA-DT-5265	-1	-1	-1	51	-1	-1	2	-1	-1	1	14	-1	3	1	2	-1	1	-1	3	-1	-1	2	2	1	1	3	-1	2	1	-1	2	11	-1	1	1	1	7	3	4	2	-1	1	1	-1	-1	4	2	-1	8	-1
TCGA-AG-A00Y	-1	-1	2	68	-1	-1	2	-1	-1	1	11	-1	4	1	2	-1	2	-1	-1	-1	-1	2	1	1	-1	3	2	1	1	-1	2	11	-1	1	1	1	7	3	1	1	-1	2	2	-1	-1	4	2	2	8	2
TCGA-T9-A92H	2	1	2	82	2	1	2	-1	2	1	15	2	4	1	1	2	1	-1	2	1	-1	2	1	1	1	3	2	2	2	-1	2	3	2	2	1	2	7	3	2	1	-1	1	2	2	-1	4	4	2	9	2
TCGA-AF-2691	-1	-1	2	48	-1	-1	1	-1	-1	2	12	-1	4	1	-1	-1	1	-1	1	-1	-1	2	2	1	1	4	2	2	1	-1	2	6	-1	1	1	1	7	3	1	1	-1	1	2	-1	-1	4	11	2	8	2
TCGA-AF-2690	-1	-1	2	76	-1	-1	3	-1	-1	2	12	-1	4	1	2	-1	1	-1	1	-1	-1	1	-1	2	1	3	1	2	1	-1	2	11	-1	1	1	1	9	3	1	1	-1	1	2	-1	-1	4	2	2	8	1
TCGA-AF-2693	-1	-1	2	75	-1	-1	1	-1	-1	1	12	-1	4	1	2	-1	1	-1	1	-1	-1	2	2	1	1	2	2	2	1	-1	2	6	-1	-1	1	1	7	3	-1	1	-1	1	-1	-1	-1	5	11	2	9	2
TCGA-AF-2692	-1	-1	2	54	-1	-1	2	1	-1	2	12	-1	4	1	-1	-1	1	-1	1	-1	-1	2	1	1	1	3	2	2	1	-1	2	11	-1	-1	1	1	7	3	-1	1	-1	2	2	-1	-1	4	2	1	-1	2
TCGA-AZ-4323	2	1	-1	37	-1	1	4	-1	-1	1	3	-1	4	1	-1	-1	2	-1	1	-1	-1	1	-1	2	1	1	-1	1	2	-1	2	9	-1	2	1	2	9	3	2	1	6	2	-1	2	-1	3	10	-1	3	1
TCGA-AA-3939	2	1	2	83	-1	1	2	-1	-1	1	12	-1	4	1	2	-1	2	-1	-1	-1	-1	2	2	1	-1	3	2	1	2	-1	2	2	-1	2	1	2	7	2	2	1	3	2	2	2	-1	4	3	2	1	2
TCGA-AG-A00H	-1	-1	2	75	-1	-1	2	-1	-1	1	11	-1	4	1	2	-1	2	-1	-1	-1	-1	2	1	1	-1	3	2	1	1	-1	2	11	-1	1	1	1	7	2	1	1	-1	2	2	-1	-1	4	2	2	8	2
TCGA-AG-3611	-1	-1	2	72	-1	-1	2	-1	-1	1	12	-1	4	1	2	-1	2	-1	-1	-1	-1	2	2	1	-1	3	2	1	1	-1	2	6	-1	1	1	1	7	2	1	1	-1	2	2	-1	-1	4	11	2	8	2
TCGA-AG-3612	-1	-1	2	55	-1	-1	3	-1	-1	2	12	-1	4	1	2	-1	2	-1	-1	-1	-1	2	2	1	-1	3	2	1	1	-1	2	11	-1	1	1	1	8	2	1	1	-1	2	2	-1	-1	4	2	2	8	2
TCGA-AG-A00C	-1	-1	2	49	-1	-1	3	-1	-1	2	8	-1	4	1	2	-1	2	-1	-1	-1	-1	2	2	1	-1	3	1	1	1	-1	2	11	-1	1	1	1	8	3	1	1	-1	2	2	-1	-1	4	2	2	8	2
TCGA-AD-6548	2	1	-1	81	-1	1	1	-1	-1	2	13	-1	4	1	1	-1	1	-1	1	-1	-1	2	2	1	1	2	2	2	2	-1	2	5	-1	2	1	2	7	3	2	1	5	-1	2	2	-1	4	6	-1	7	-1
TCGA-D5-5540	2	1	2	73	-1	1	2	-1	-1	1	14	-1	4	1	-1	-1	1	-1	1	2	-1	2	2	1	1	3	2	2	2	5	2	9	-1	2	1	2	7	3	2	1	6	1	2	2	-1	4	10	2	3	2
TCGA-D5-5541	2	1	2	63	-1	1	3	-1	-1	1	14	-1	4	1	-1	-1	1	-1	1	2	-1	2	2	1	1	3	2	2	2	5	2	3	-1	2	1	2	6	3	2	1	3	1	2	2	-1	4	4	2	9	2
TCGA-EF-5830	-1	-1	2	54	-1	-1	2	-1	-1	1	14	-1	4	1	1	-1	2	-1	1	2	-1	2	2	1	1	6	2	1	1	-1	2	11	-1	1	1	1	7	3	1	2	-1	1	2	-1	-1	4	2	2	8	2
TCGA-EF-5831	-1	-1	2	72	-1	-1	2	-1	-1	1	14	-1	4	1	1	-1	2	-1	1	-1	-1	2	2	1	1	3	-1	1	1	-1	2	11	-1	1	1	1	7	3	1	2	-1	1	2	-1	-1	4	2	2	8	-1
TCGA-AF-6784	-1	-1	-1	-1	-1	-1	-1	-1	-1	-1	-1	-1	-1	-1	-1	-1	-1	-1	-1	-1	-1	-1	-1	-1	-1	-1	-1	-1	4	-1	-1	-1	-1	-1	-1	4	-1	-1	-1	-1	-1	-1	-1	-1	-1	-1	-1	-1	-1	-1
TCGA-DM-A1D8	2	1	1	50	-1	1	-1	1	-1	2	5	-1	4	1	-1	2	2	-1	1	-1	2	1	-1	2	1	3	-1	1	2	-1	2	8	-1	2	1	2	8	3	2	1	-1	-1	-1	2	-1	-1	9	1	1	-1
TCGA-AF-3911	-1	-1	2	48	-1	-1	3	-1	-1	1	12	-1	4	1	2	-1	1	-1	1	-1	-1	2	1	1	1	3	1	2	1	-1	2	11	-1	1	1	1	9	3	1	1	-1	1	-1	-1	-1	5	2	2	8	2
TCGA-AF-3913	-1	-1	2	60	-1	-1	4	2	-1	1	12	-1	4	1	-1	-1	1	-1	2	-1	-1	1	-1	2	1	3	1	2	1	-1	2	6	-1	1	1	1	8	2	1	1	-1	2	2	-1	-1	3	11	1	6	2
TCGA-A6-3810	2	1	2	62	-1	1	2	-1	-1	1	12	-1	4	1	-1	-1	1	1	1	-1	-1	2	2	1	1	3	2	2	2	5	2	2	-1	2	1	2	7	3	2	1	5	1	2	2	1	4	3	2	9	2
TCGA-AA-3529	2	1	2	78	-1	1	3	-1	-1	2	8	-1	4	1	2	-1	2	-1	-1	-1	-1	1	-1	2	-1	3	1	1	2	-1	2	3	-1	2	1	2	9	3	2	1	5	2	2	2	-1	4	4	2	9	2
TCGA-AA-3525	2	1	2	90	-1	1	3	-1	-1	1	8	-1	4	1	2	-1	2	-1	-1	-1	-1	2	2	1	-1	3	2	1	2	-1	2	8	-1	2	1	2	8	2	2	1	10	2	2	2	-1	4	9	2	5	2
TCGA-AA-3524	2	1	2	85	-1	1	2	-1	-1	1	8	-1	4	1	3	-1	2	-1	-1	-1	-1	2	2	1	-1	3	2	1	2	-1	2	3	-1	2	1	2	7	2	2	1	6	2	2	2	-1	4	4	2	9	2
TCGA-AA-3527	2	1	2	90	-1	1	2	-1	-1	2	8	-1	4	1	2	-1	2	-1	-1	-1	-1	2	2	1	-1	3	2	1	2	-1	2	8	-1	2	1	2	7	2	2	1	4	2	2	2	-1	4	9	2	3	2
TCGA-AA-3526	2	1	2	57	-1	1	1	-1	-1	1	8	-1	4	1	2	-1	2	-1	-1	-1	-1	2	2	1	-1	2	2	1	2	-1	2	3	-1	2	1	2	7	3	2	1	5	2	2	2	-1	4	4	2	9	2
TCGA-AA-3521	2	1	2	87	-1	1	2	-1	-1	1	8	-1	4	1	3	-1	2	-1	-1	-1	-1	2	2	1	-1	3	2	1	2	-1	2	3	-1	2	1	2	7	2	2	1	6	2	2	2	-1	4	4	2	9	2
TCGA-AA-3520	2	1	2	86	-1	1	2	-1	-1	2	8	-1	4	1	3	-1	2	-1	-1	-1	-1	2	2	1	-1	3	2	1	2	-1	2	8	-1	2	1	2	7	2	2	1	6	2	2	2	-1	4	9	2	1	2
TCGA-AA-3488	2	1	2	58	-1	1	4	-1	-1	1	3	-1	4	1	3	-1	2	-1	-1	-1	-1	1	-1	2	-1	3	-1	1	2	-1	2	6	-1	2	1	2	9	3	2	1	3	2	4	2	-1	3	11	2	9	-1
TCGA-AA-3489	2	1	2	75	-1	1	2	-1	-1	1	3	-1	4	1	3	-1	2	-1	-1	-1	-1	1	-1	2	-1	3	-1	1	2	-1	2	2	-1	2	1	2	7	3	2	1	5	2	2	2	-1	4	3	2	9	-1
TCGA-AG-3878	-1	-1	2	64	-1	-1	1	-1	-1	1	8	-1	4	1	2	-1	2	-1	-1	-1	-1	2	2	1	-1	2	2	1	1	-1	2	11	-1	1	1	1	7	3	1	1	-1	2	2	-1	-1	4	2	2	8	2
TCGA-4T-AA8H	2	1	2	42	2	1	2	-1	2	2	15	2	3	1	1	1	2	-1	2	2	-1	2	2	1	1	3	2	1	3	-1	2	4	2	2	1	3	7	3	3	1	-1	1	2	2	-1	5	5	2	2	2
TCGA-A6-A567	2	1	-1	56	2	1	4	-1	2	1	8	1	4	1	2	2	2	-1	2	-1	-1	1	1	2	-1	3	1	1	2	-1	2	3	-1	2	1	2	8	3	2	1	-1	2	-1	2	-1	3	4	1	9	2
TCGA-D5-6930	2	1	2	67	-1	1	2	-1	-1	1	13	-1	3	1	1	-1	1	-1	1	1	-1	2	2	1	1	3	2	2	3	5	2	9	-1	2	1	3	7	3	3	1	5	1	2	2	-1	4	10	2	1	2
TCGA-D5-6931	2	1	2	77	-1	1	3	-1	-1	1	13	-1	4	1	1	-1	1	-1	1	1	-1	2	2	1	1	5	1	2	2	-1	2	2	-1	2	1	2	9	3	2	1	1	1	2	2	-1	4	3	2	4	2
TCGA-D5-6932	2	1	2	69	-1	1	2	-1	-1	1	13	-1	4	1	1	-1	1	-1	1	1	-1	2	2	1	1	3	2	2	2	-1	2	2	-1	2	1	2	7	3	2	1	6	1	2	2	-1	4	3	2	4	2
TCGA-D5-6529	2	1	2	69	-1	1	2	-1	-1	1	14	-1	4	1	1	-1	1	-1	1	1	-1	2	1	1	1	3	2	2	2	-1	2	2	-1	2	1	2	7	3	2	1	8	1	2	2	-1	4	3	2	-1	2
TCGA-A6-6780	2	1	2	74	-1	1	2	-1	-1	1	13	-1	3	1	1	-1	1	1	1	-1	-1	2	2	1	1	3	2	2	3	-1	2	8	-1	2	1	3	7	3	3	1	6	1	-1	2	1	5	9	2	-1	2
TCGA-F4-6807	2	1	2	51	-1	1	3	-1	-1	2	13	-1	4	1	1	-1	1	-1	1	2	-1	2	2	1	1	3	2	2	2	3	2	2	-1	2	1	2	2	3	2	1	8	1	2	2	-1	4	3	2	5	2
TCGA-CI-6623	-1	-1	-1	44	-1	-1	1	-1	-1	1	13	-1	4	1	1	-1	2	-1	1	2	-1	2	2	1	1	4	2	1	1	-1	2	11	-1	1	1	1	7	3	1	-1	-1	1	-1	-1	-1	4	2	-1	8	2
TCGA-CI-6622	-1	-1	-1	74	-1	-1	2	-1	-1	1	14	-1	4	1	1	-1	2	-1	1	1	-1	2	2	1	1	1	1	1	1	-1	2	11	-1	1	1	1	7	3	1	1	-1	1	-1	-1	-1	4	2	-1	8	1
TCGA-CI-6621	-1	-1	-1	63	-1	-1	3	-1	-1	1	14	-1	4	1	1	-1	2	-1	1	-1	-1	2	2	1	1	3	-1	1	1	-1	2	11	-1	1	1	1	8	3	1	1	-1	-1	-1	-1	-1	5	2	-1	8	-1
TCGA-CI-6620	-1	-1	-1	41	-1	-1	4	-1	-1	2	14	-1	4	1	1	-1	2	-1	1	-1	-1	2	1	1	1	3	-1	1	1	-1	1	11	-1	1	1	1	8	3	1	-1	-1	2	-1	-1	-1	3	2	-1	8	-1
TCGA-CI-6624	-1	-1	-1	53	-1	-1	1	-1	-1	2	13	-1	4	1	1	-1	2	-1	1	2	-1	2	2	1	1	2	2	1	1	-1	2	11	-1	1	1	1	7	3	1	-1	-1	-1	-1	-1	-1	4	2	-1	6	2
TCGA-AG-4022	-1	-1	2	59	-1	-1	2	-1	-1	2	7	-1	4	1	3	-1	2	-1	-1	-1	-1	2	2	1	-1	3	1	1	1	-1	2	11	-1	1	1	1	7	3	1	1	-1	2	2	-1	-1	4	2	2	8	1
TCGA-AG-4021	-1	-1	1	84	-1	-1	4	-1	-1	2	10	-1	4	1	3	-1	2	-1	-1	-1	-1	1	1	2	-1	3	1	1	1	-1	2	11	-1	1	1	1	9	3	1	1	-1	2	4	-1	-1	3	2	2	8	1
TCGA-DC-5869	-1	-1	2	62	-1	-1	3	-1	-1	2	14	-1	4	1	1	-1	1	-1	2	2	-1	2	2	1	1	3	2	2	1	-1	2	11	-1	1	1	1	6	3	1	1	-1	1	2	-1	-1	4	2	2	8	2
TCGA-AH-6549	-1	-1	-1	66	-1	-1	-1	-1	-1	1	14	-1	4	1	1	-1	2	-1	1	-1	-1	2	2	1	-1	3	-1	1	1	-1	2	11	-1	1	1	1	1	3	1	2	-1	-1	1	-1	-1	5	2	-1	8	-1
TCGA-F4-6806	2	1	2	59	-1	1	1	-1	-1	2	13	-1	4	1	1	-1	1	-1	1	2	-1	2	1	1	1	2	2	2	2	5	2	3	-1	2	1	2	7	3	2	1	8	1	2	2	-1	4	4	2	9	2
TCGA-AZ-5403	2	1	-1	43	-1	1	2	-1	-1	1	5	-1	4	1	3	-1	2	-1	1	1	-1	1	1	2	1	3	2	1	2	-1	2	4	-1	2	1	2	7	3	2	1	3	2	-1	2	-1	5	5	-1	9	2
TCGA-CA-5256	2	1	2	54	-1	1	2	-1	-1	2	14	-1	4	1	-1	-1	1	-1	3	-1	-1	2	2	1	-1	3	-1	2	2	-1	2	2	-1	2	1	2	7	3	2	2	5	1	2	2	-1	4	3	2	5	-1
TCGA-CA-5255	2	1	-1	45	-1	1	2	-1	-1	1	14	-1	4	1	2	-1	1	-1	3	-1	-1	2	2	1	1	3	-1	2	2	-1	2	2	-1	2	1	2	7	3	2	2	3	1	1	2	-1	4	3	-1	1	-1
TCGA-CA-5254	2	1	-1	42	-1	1	2	-1	-1	2	14	-1	4	1	2	-1	1	-1	3	-1	-1	2	2	1	1	3	-1	2	2	-1	2	2	-1	2	1	2	7	3	2	2	3	1	1	2	-1	4	3	-1	4	-1
TCGA-AH-6547	-1	-1	2	79	-1	-1	-1	-1	-1	2	14	-1	4	1	1	-1	2	-1	1	-1	-1	1	-1	2	-1	3	2	1	1	-1	2	6	-1	1	1	1	7	3	1	1	-1	1	-1	-1	-1	5	11	2	6	2
TCGA-AH-6544	-1	-1	2	60	-1	-1	-1	1	-1	1	14	-1	4	1	1	-1	2	-1	1	-1	-1	2	2	1	-1	3	-1	1	1	-1	2	6	-1	1	1	1	8	3	1	1	-1	2	-1	-1	-1	3	11	1	6	-1
TCGA-AG-3574	-1	-1	2	89	-1	-1	2	-1	-1	2	10	-1	4	1	3	-1	2	-1	-1	-1	-1	1	-1	2	-1	3	2	1	1	-1	2	11	-1	1	1	1	7	3	1	1	-1	2	2	-1	-1	4	2	2	8	2
TCGA-AG-3575	-1	-1	2	51	-1	-1	2	-1	-1	1	7	-1	4	1	3	-1	2	-1	-1	-1	-1	2	2	1	-1	3	2	1	1	-1	2	11	-1	1	1	1	7	3	1	1	-1	-1	2	-1	-1	4	2	2	8	2
TCGA-AG-3578	-1	-1	2	76	-1	-1	2	-1	-1	2	8	-1	3	1	2	-1	2	-1	-1	-1	-1	2	2	1	-1	3	2	1	1	-1	2	6	-1	1	1	1	7	3	4	1	-1	2	2	-1	-1	4	11	2	8	2
TCGA-F4-6856	2	1	2	45	-1	1	1	-1	-1	1	13	-1	3	1	1	-1	1	-1	1	2	-1	2	2	1	1	2	2	2	3	5	2	9	-1	2	1	3	7	3	3	1	8	1	2	2	-1	4	10	2	3	2
TCGA-F4-6857	2	1	-1	-1	-1	1	-1	-1	-1	-1	-1	-1	-1	-1	-1	-1	-1	-1	-1	-1	-1	-1	-1	-1	-1	-1	-1	-1	2	-1	-1	-1	-1	-1	-1	2	-1	-1	-1	-1	5	-1	-1	2	-1	-1	-1	-1	-1	-1
TCGA-F4-6854	2	1	2	77	-1	1	2	2	-1	2	13	-1	4	1	1	-1	1	-1	1	2	-1	2	2	1	1	3	2	2	2	5	2	3	-1	2	1	2	7	3	2	1	6	1	2	2	-1	4	4	2	9	2
TCGA-F4-6855	2	1	-1	70	-1	1	2	-1	-1	2	13	-1	4	1	1	-1	1	-1	1	2	-1	2	2	1	1	3	2	2	2	-1	2	3	-1	2	1	2	7	3	2	1	7	1	2	2	-1	4	4	-1	9	2
TCGA-AA-A03J	2	1	2	65	-1	1	1	-1	-1	2	9	-1	4	1	3	2	2	-1	-1	-1	-1	2	2	1	-1	2	-1	1	2	-1	2	3	-1	2	1	2	7	3	2	1	-1	-1	2	2	-1	4	4	2	9	-1
TCGA-AA-3666	2	1	2	68	-1	1	3	-1	-1	1	10	-1	4	1	3	-1	2	-1	-1	-1	-1	1	-1	2	-1	3	2	1	2	-1	2	2	-1	2	1	2	8	3	2	1	8	2	2	2	-1	4	3	2	3	2
TCGA-AA-3667	2	1	2	36	-1	1	1	-1	-1	2	10	-1	4	1	3	-1	2	-1	-1	-1	-1	2	2	1	-1	2	2	1	2	-1	2	2	-1	2	1	2	7	3	2	1	6	2	2	2	-1	4	3	2	9	2
TCGA-AA-3664	2	1	2	74	-1	1	2	-1	-1	2	10	-1	4	1	3	-1	2	-1	-1	-1	-1	2	2	1	-1	3	2	1	2	-1	2	8	-1	2	1	2	7	3	2	1	8	2	2	2	-1	4	9	2	3	2
TCGA-F5-6702	-1	-1	-1	71	-1	-1	4	-1	-1	1	14	-1	4	1	1	-1	1	-1	1	2	-1	1	1	2	1	3	2	2	1	-1	2	6	-1	1	1	1	8	3	1	1	-1	2	2	-1	-1	3	11	-1	6	2
TCGA-AA-3662	2	1	2	80	-1	1	4	-1	-1	2	10	-1	4	1	3	-1	2	-1	-1	-1	-1	2	2	1	-1	1	2	1	2	-1	2	2	-1	2	1	2	9	2	2	1	4	2	4	2	-1	3	3	2	9	2
TCGA-AA-3663	2	1	2	42	-1	1	2	-1	-1	1	10	-1	4	1	3	-1	2	-1	-1	-1	-1	2	2	1	-1	3	2	1	2	-1	2	9	-1	2	1	2	7	3	2	1	4	2	2	2	-1	4	10	2	3	2
TCGA-AA-3660	2	1	2	51	-1	1	2	-1	-1	2	10	-1	4	1	3	-1	2	-1	-1	-1	-1	2	2	1	-1	3	2	1	2	-1	2	2	-1	2	1	2	7	3	2	1	6	2	2	2	-1	4	3	2	9	2
TCGA-D5-6539	2	1	2	45	-1	1	-1	-1	-1	2	14	-1	4	1	1	-1	1	-1	1	1	-1	2	2	1	1	3	2	2	2	-1	2	1	-1	2	1	2	7	3	2	1	7	1	2	2	-1	4	7	2	4	2
TCGA-F4-6569	2	1	2	60	-1	1	1	-1	-1	1	13	-1	4	1	1	-1	1	-1	1	2	-1	2	2	1	1	2	2	2	2	5	2	2	-1	2	1	2	7	3	2	1	8	1	2	2	-1	4	3	2	4	2
TCGA-AA-3815	2	1	2	65	-1	1	2	-1	-1	2	8	-1	4	1	2	-1	2	-1	-1	-1	-1	2	2	1	-1	3	1	1	2	-1	2	9	-1	2	1	2	7	3	2	1	3	2	2	2	-1	4	10	2	3	-1
TCGA-AG-3898	-1	-1	2	61	-1	-1	2	-1	-1	1	7	-1	4	1	2	-1	2	-1	-1	-1	-1	2	2	1	-1	3	2	1	1	-1	2	11	-1	1	1	1	7	3	1	1	-1	2	2	-1	-1	4	2	2	8	2
TCGA-AG-3896	-1	-1	2	85	-1	-1	1	-1	-1	2	12	-1	4	1	2	-1	2	-1	-1	-1	-1	2	2	1	-1	2	1	1	1	-1	2	11	-1	1	1	1	7	3	1	-1	-1	2	2	-1	-1	4	2	2	8	1
TCGA-AG-3894	-1	-1	2	65	-1	-1	2	-1	-1	1	12	-1	4	1	2	-1	2	-1	-1	-1	-1	2	2	1	-1	3	1	1	1	-1	2	11	-1	1	1	1	7	3	1	1	-1	2	2	-1	-1	4	2	2	8	1
TCGA-AG-3893	-1	-1	2	74	-1	-1	3	-1	-1	1	12	-1	4	1	2	-1	2	-1	-1	-1	-1	2	2	1	-1	3	1	1	1	-1	2	6	-1	1	1	1	8	3	1	1	-1	2	2	-1	-1	4	11	2	8	-1
TCGA-AG-3892	-1	-1	2	57	-1	-1	1	-1	-1	2	12	-1	4	1	2	-1	2	-1	-1	-1	-1	2	2	1	-1	4	-1	1	1	-1	2	11	-1	1	1	1	7	3	1	1	-1	2	2	-1	-1	4	2	2	8	-1
TCGA-AG-3891	-1	-1	2	66	-1	-1	1	-1	-1	2	12	-1	4	1	2	-1	2	-1	-1	-1	-1	2	2	1	-1	2	1	1	1	-1	2	11	-1	1	1	1	7	3	1	1	-1	2	2	-1	-1	4	2	2	8	-1
TCGA-AG-3890	-1	-1	2	62	-1	-1	1	-1	-1	1	12	-1	4	1	2	-1	2	-1	-1	-1	-1	2	2	1	-1	2	1	1	1	-1	2	11	-1	1	1	1	7	2	1	1	-1	2	2	-1	-1	4	2	2	8	1
TCGA-AA-3994	2	1	2	69	-1	1	3	-1	-1	1	11	-1	3	1	2	-1	2	-1	-1	-1	-1	2	2	1	-1	3	2	1	3	-1	2	2	-1	2	1	3	8	3	3	1	4	2	2	2	-1	4	3	2	4	2
TCGA-DY-A1DG	-1	-1	1	75	-1	-1	4	2	-1	1	5	-1	4	1	-1	-1	2	-1	1	-1	2	1	1	2	1	3	-1	1	1	-1	2	11	-1	1	1	1	8	3	1	1	-1	-1	-1	-1	-1	3	2	1	8	-1
TCGA-AA-3846	2	1	2	74	-1	1	2	-1	-1	2	12	-1	4	1	2	-1	2	-1	-1	-1	-1	2	2	1	-1	3	1	1	2	-1	2	3	-1	2	1	2	7	3	2	1	4	2	2	2	-1	4	4	2	9	-1
TCGA-AA-3844	2	1	2	78	-1	1	3	-1	-1	2	12	-1	4	1	2	-1	2	-1	-1	-1	-1	2	1	1	-1	3	1	1	2	-1	2	2	-1	2	1	2	9	2	2	1	3	2	2	2	-1	4	3	2	9	1
TCGA-AA-3845	2	1	2	86	-1	1	2	-1	-1	2	12	-1	4	1	2	-1	2	-1	-1	-1	-1	1	-1	2	-1	3	1	1	2	-1	2	8	-1	2	1	2	7	3	2	1	8	2	2	2	-1	4	9	2	1	-1
TCGA-AA-3842	2	1	2	51	-1	1	3	-1	-1	1	12	-1	4	1	2	-1	2	-1	-1	-1	-1	2	1	1	-1	2	1	1	2	-1	2	2	-1	2	1	2	8	3	2	1	3	2	2	2	-1	4	3	2	9	1
TCGA-AA-3968	2	1	2	55	-1	1	1	-1	-1	2	11	-1	4	1	2	-1	2	-1	-1	-1	-1	2	2	1	-1	2	2	1	2	-1	2	3	-1	2	1	2	7	3	2	1	3	2	2	2	-1	4	4	2	9	2
TCGA-AA-3841	2	1	2	66	-1	1	2	-1	-1	1	12	-1	4	1	2	-1	2	-1	-1	-1	-1	2	2	1	-1	3	1	1	2	-1	2	2	-1	2	1	2	7	3	2	1	6	2	2	2	-1	4	3	2	9	1
TCGA-AA-3966	2	1	2	89	-1	1	2	-1	-1	2	12	-1	3	1	2	-1	2	-1	-1	-1	-1	2	2	1	-1	3	1	1	3	-1	2	2	-1	2	1	3	7	3	3	1	4	2	-1	2	-1	4	3	2	5	1
TCGA-AA-3848	2	1	2	82	-1	1	3	-1	-1	2	12	-1	4	1	2	-1	2	-1	-1	-1	-1	1	-1	2	-1	3	1	1	2	-1	2	3	-1	2	1	2	9	3	2	1	5	2	2	2	-1	4	4	2	9	1
TCGA-CM-4748	2	1	2	53	-1	1	3	-1	-1	1	14	-1	3	1	-1	-1	2	-1	1	2	-1	2	2	1	1	6	1	1	3	-1	2	1	-1	2	1	3	6	3	3	1	3	1	2	2	-1	4	7	2	4	1
TCGA-AA-3531	2	1	2	75	-1	1	2	-1	-1	2	8	-1	4	1	2	-1	2	-1	-1	-1	-1	2	2	1	-1	3	2	1	2	-1	2	3	-1	2	1	2	7	2	2	1	6	2	2	2	-1	4	4	2	9	2
TCGA-A6-6648	2	1	2	56	-1	1	4	2	-1	1	14	-1	4	1	1	-1	1	-1	1	-1	-1	2	1	1	1	3	2	2	2	-1	2	4	-1	2	1	2	7	3	2	1	5	1	-1	2	-1	1	5	1	-1	2
TCGA-CM-6680	2	1	2	78	-1	1	3	-1	-1	2	13	-1	4	1	1	-1	1	-1	1	2	-1	2	2	1	1	3	2	2	2	-1	2	9	-1	2	1	2	3	3	2	1	5	1	2	2	-1	4	10	2	3	2
TCGA-CM-4743	2	1	2	69	-1	1	2	-1	-1	1	14	-1	4	1	-1	-1	2	-1	1	2	-1	2	2	1	1	3	1	1	2	-1	2	8	-1	2	1	2	7	3	2	1	-1	1	2	2	-1	4	9	2	5	2
TCGA-CM-4746	2	1	2	61	-1	1	1	-1	-1	1	12	-1	4	1	-1	-1	2	-1	2	2	-1	2	2	1	1	2	2	1	2	-1	2	3	-1	2	1	2	7	3	2	1	3	1	2	2	-1	4	4	2	9	2
TCGA-CM-4747	2	1	2	47	-1	1	4	-1	-1	1	14	-1	4	1	-1	-1	2	-1	1	1	-1	2	2	1	1	6	1	1	2	-1	2	9	-1	2	1	2	4	3	2	1	6	1	2	2	-1	1	10	2	3	2
TCGA-CM-4744	2	1	2	69	-1	1	1	-1	-1	1	14	-1	4	1	-1	-1	2	-1	1	2	-1	2	2	1	1	2	1	1	2	-1	2	9	-1	2	1	2	7	3	2	1	3	1	2	2	-1	4	10	2	3	1
TCGA-AA-3561	2	1	2	72	-1	1	2	-1	-1	1	12	-1	4	1	2	-1	2	-1	-1	-1	-1	2	2	1	-1	3	2	1	2	-1	2	2	-1	2	1	2	7	3	2	1	5	2	2	2	-1	4	3	2	1	2
TCGA-AA-3560	2	1	2	72	-1	1	3	-1	-1	2	12	-1	4	1	2	-1	2	-1	-1	-1	-1	2	2	1	-1	3	1	1	2	-1	2	3	-1	2	1	2	9	2	2	1	6	2	2	2	-1	4	4	2	9	2
TCGA-AA-3562	2	1	2	82	-1	1	3	-1	-1	1	11	-1	4	1	2	-1	2	-1	-1	-1	-1	2	2	1	-1	3	1	1	2	-1	2	2	-1	2	1	2	9	2	2	1	5	2	2	2	-1	4	3	2	2	2
TCGA-AA-A022	2	1	2	88	-1	1	2	-1	-1	2	10	-1	4	1	3	2	2	-1	-1	-1	-1	2	2	1	-1	1	1	1	2	-1	2	9	-1	2	1	2	7	3	2	1	-1	2	2	2	-1	4	10	2	3	1
TCGA-CM-5349	2	1	2	68	-1	1	2	-1	-1	2	14	-1	4	1	1	-1	1	-1	1	2	-1	2	2	1	1	3	2	2	2	-1	2	9	-1	2	1	2	7	3	2	1	6	1	2	2	-1	4	10	2	3	2
TCGA-CM-5348	2	1	2	72	-1	1	3	-1	-1	1	14	-1	4	1	1	-1	2	-1	1	1	-1	2	2	1	1	3	1	1	2	-1	2	9	-1	2	1	2	6	3	2	1	5	1	2	2	-1	4	10	2	3	2
TCGA-CM-5341	2	1	2	82	-1	1	3	-1	-1	2	14	-1	4	1	-1	-1	1	-1	1	2	-1	2	2	1	1	2	1	2	2	-1	2	3	-1	2	1	2	6	3	2	1	5	1	2	2	-1	4	4	2	9	2
TCGA-AY-6197	2	1	2	60	-1	1	2	-1	-1	1	14	-1	4	1	1	-1	1	-1	1	2	-1	2	2	1	1	3	2	2	2	-1	2	8	-1	2	1	2	7	3	2	1	8	1	2	2	-1	-1	9	2	3	2
TCGA-CM-5344	2	1	2	39	-1	1	3	-1	-1	2	14	-1	4	1	1	-1	1	-1	1	1	-1	2	2	1	2	3	1	2	2	-1	2	3	-1	2	1	2	4	3	2	1	6	1	2	2	-1	4	4	2	9	2
TCGA-AG-3587	-1	-1	2	65	-1	-1	1	2	-1	1	8	-1	4	1	2	-1	2	-1	-1	-1	-1	2	1	1	-1	2	2	1	1	-1	2	11	-1	1	1	1	7	3	1	1	-1	2	2	-1	-1	4	2	-1	8	2
TCGA-CA-5796	2	1	-1	52	-1	1	2	-1	-1	2	14	-1	3	1	2	-1	1	-1	3	-1	-1	2	2	1	1	3	-1	2	3	-1	2	8	-1	2	1	3	7	3	3	2	8	1	2	2	-1	4	9	-1	1	-1
TCGA-CA-5797	2	1	-1	56	-1	1	2	-1	-1	1	14	-1	4	1	-1	-1	1	-1	3	-1	-1	2	2	1	1	3	-1	2	2	-1	2	2	-1	2	1	2	7	3	2	2	3	1	2	2	-1	4	3	-1	9	-1
TCGA-AA-A00L	2	1	2	66	-1	1	2	-1	-1	1	12	-1	4	1	2	2	2	-1	-1	-1	-1	2	2	1	-1	3	2	1	2	-1	2	1	-1	2	1	2	7	2	2	1	-1	2	2	2	-1	4	7	2	4	2
TCGA-CK-5916	2	1	2	71	-1	1	1	-1	-1	2	4	-1	4	1	2	-1	-1	-1	1	2	-1	1	1	2	1	4	1	-1	2	-1	2	8	-1	2	1	2	7	3	2	-1	6	2	1	2	-1	4	9	2	3	2
TCGA-AA-A00N	2	1	2	75	-1	1	2	-1	-1	1	11	-1	3	1	2	2	2	-1	-1	-1	-1	1	-1	2	-1	1	1	1	3	-1	2	9	-1	2	1	3	7	3	3	1	-1	2	2	2	-1	4	10	2	3	2
TCGA-AA-A00O	2	1	2	83	-1	1	3	-1	-1	2	11	-1	4	1	2	2	2	-1	-1	-1	-1	2	2	1	-1	3	1	1	2	-1	2	3	-1	2	1	2	9	3	2	1	-1	2	2	2	-1	4	4	2	9	2
TCGA-AA-A00J	2	1	2	80	-1	1	3	-1	-1	1	12	-1	3	1	2	2	2	-1	-1	-1	-1	2	2	1	-1	1	1	1	3	-1	2	8	-1	2	1	3	8	3	3	1	-1	2	2	2	-1	4	9	2	1	2
TCGA-AA-A00K	2	1	2	79	-1	1	2	-1	-1	1	12	-1	4	1	2	2	2	-1	-1	-1	-1	2	2	1	-1	3	2	1	2	-1	2	3	-1	2	1	2	7	3	2	1	-1	2	2	2	-1	4	4	2	9	2
TCGA-AA-A00D	2	1	2	70	-1	1	1	-1	-1	1	8	-1	4	1	2	2	2	-1	-1	-1	-1	2	2	1	-1	2	2	1	2	-1	2	8	-1	2	1	2	7	3	2	1	-1	-1	2	2	-1	4	9	2	1	2
TCGA-AA-A00E	2	1	2	65	-1	1	2	-1	-1	1	8	-1	4	1	2	2	2	-1	-1	-1	-1	2	2	1	-1	3	2	1	2	-1	2	8	-1	2	1	2	7	3	2	1	-1	2	2	2	-1	4	9	2	1	2
TCGA-AA-A00F	2	1	2	66	-1	1	3	-1	-1	1	8	-1	4	1	2	2	2	-1	-1	-1	-1	2	2	1	-1	3	1	1	2	-1	2	3	-1	2	1	2	9	3	2	1	-1	2	2	2	-1	4	4	2	9	2
TCGA-CK-4952	2	1	2	48	-1	1	3	-1	-1	2	8	-1	3	1	2	-1	-1	-1	1	2	-1	2	2	1	1	1	2	-1	3	5	2	8	-1	2	1	3	9	3	3	1	2	1	1	2	-1	4	9	2	1	2
TCGA-AA-A00A	2	1	2	80	-1	1	2	-1	-1	1	12	-1	4	1	2	2	2	-1	-1	-1	-1	2	2	1	-1	3	2	1	2	-1	2	8	-1	2	1	2	7	3	2	1	-1	2	2	2	-1	4	9	2	1	2
TCGA-AA-3514	2	1	2	81	-1	1	1	-1	-1	2	7	-1	4	1	2	-1	2	-1	-1	-1	-1	2	2	1	-1	2	2	1	2	-1	2	2	-1	2	1	2	7	3	2	1	5	2	2	2	-1	4	3	2	1	2
TCGA-AA-3516	2	1	2	74	-1	1	3	-1	-1	2	8	-1	3	1	3	-1	2	-1	-1	-1	-1	1	-1	2	-1	3	2	1	3	-1	1	2	-1	2	1	3	9	2	3	1	3	2	-1	2	-1	4	3	2	1	2
TCGA-AA-3517	2	1	2	60	-1	1	2	-1	-1	1	8	-1	4	1	2	-1	2	-1	-1	-1	-1	2	1	1	-1	3	2	1	2	-1	2	2	-1	2	1	2	7	3	2	1	5	2	2	2	-1	4	3	2	7	2
TCGA-AA-3510	2	1	2	70	-1	1	2	-1	-1	1	10	-1	4	1	3	-1	2	-1	-1	-1	-1	2	2	1	-1	3	2	1	2	-1	2	8	-1	2	1	2	7	3	2	1	3	2	2	2	-1	4	9	2	4	2
TCGA-AA-3511	2	1	2	64	-1	1	2	-1	-1	1	10	-1	4	1	3	-1	2	-1	-1	-1	-1	2	1	1	-1	1	1	1	2	-1	2	2	-1	2	1	2	7	3	2	1	5	-1	2	2	-1	4	3	2	9	2
TCGA-AA-A00Z	2	1	2	70	-1	1	2	-1	-1	1	11	-1	4	1	2	2	2	-1	-1	-1	-1	2	2	1	-1	3	1	1	2	-1	2	3	-1	2	1	2	7	2	2	1	-1	-1	2	2	-1	4	4	2	9	2
TCGA-A6-5665	2	1	1	84	-1	1	2	-1	-1	2	14	-1	4	1	1	-1	1	-1	1	-1	1	2	1	1	1	3	1	2	2	-1	2	8	-1	2	1	2	7	3	2	1	8	1	2	2	-1	4	9	2	1	2
TCGA-A6-5664	2	1	2	80	-1	1	3	-1	-1	1	14	-1	4	1	1	-1	1	-1	2	-1	-1	2	1	1	1	6	1	2	2	-1	2	8	-1	2	1	2	3	3	2	1	1	2	-1	2	-1	5	9	2	3	1
TCGA-A6-5667	2	1	2	40	-1	1	3	-1	-1	2	14	-1	4	1	1	-1	1	-1	1	-1	-1	2	2	1	1	3	1	2	2	-1	2	3	-1	2	1	2	6	3	2	1	4	1	2	2	-1	5	4	2	9	2
TCGA-AA-A00W	2	1	2	80	-1	1	1	-1	-1	1	11	-1	4	1	2	2	2	-1	-1	-1	-1	2	2	1	-1	4	2	1	2	-1	2	3	-1	2	1	2	7	3	2	1	-1	2	2	2	-1	4	4	2	9	2
TCGA-A6-5661	2	1	2	80	-1	1	2	-1	-1	2	14	-1	4	1	-1	-1	1	-1	2	-1	-1	2	2	1	1	3	2	2	2	-1	2	8	-1	2	1	2	7	3	2	1	6	1	2	2	-1	4	9	2	1	2
TCGA-A6-5660	2	1	2	73	-1	1	3	-1	-1	1	14	-1	4	1	-1	-1	1	-1	2	-1	-1	2	2	1	1	3	1	2	2	-1	2	8	-1	2	1	2	2	3	2	1	5	1	-1	2	-1	4	9	2	3	1
TCGA-AA-A00R	2	1	2	64	-1	1	1	-1	-1	2	11	-1	4	1	2	2	2	-1	-1	-1	-1	2	2	1	-1	2	2	1	2	-1	2	9	-1	2	1	2	7	3	2	1	-1	2	2	2	-1	4	10	2	3	2
TCGA-A6-5662	2	1	2	46	-1	1	4	1	-1	1	14	-1	4	1	-1	-1	1	-1	1	-1	-1	2	1	1	1	3	1	2	2	-1	2	5	-1	2	1	2	9	3	2	1	3	2	-1	2	-1	3	6	1	7	1
TCGA-AG-A01W	-1	-1	2	67	-1	-1	2	-1	-1	2	9	-1	4	1	3	-1	2	-1	-1	-1	-1	2	2	1	-1	3	1	1	1	-1	2	11	-1	1	1	1	7	3	1	1	-1	2	2	-1	-1	4	2	2	8	1
TCGA-F4-6703	2	1	-1	64	-1	1	2	-1	-1	1	13	-1	4	1	1	-1	1	-1	1	2	-1	2	2	1	1	3	2	2	2	-1	2	8	-1	2	1	2	7	3	2	1	5	1	2	2	-1	4	9	-1	1	2
TCGA-AG-A01Y	-1	-1	2	49	-1	-1	2	-1	-1	2	9	-1	4	1	3	-1	2	-1	-1	-1	-1	2	2	1	-1	3	1	1	1	-1	2	11	-1	1	1	1	7	3	1	1	-1	2	2	-1	-1	4	2	2	8	-1
TCGA-F4-6704	2	1	2	60	-1	1	3	-1	-1	1	13	-1	3	1	1	-1	1	-1	4	-1	-1	2	2	1	1	3	2	2	3	-1	2	3	-1	2	1	3	2	3	3	1	5	1	2	2	-1	5	4	2	9	2
TCGA-AG-A01L	-1	-1	2	58	-1	-1	3	-1	-1	1	12	-1	4	1	2	-1	2	-1	-1	-1	-1	2	2	1	-1	3	1	1	1	-1	2	11	-1	1	1	1	8	3	1	1	-1	2	2	-1	-1	4	2	2	8	2
TCGA-AG-A01N	-1	-1	2	68	-1	-1	4	-1	-1	2	12	-1	4	1	2	-1	2	-1	-1	-1	-1	2	2	1	-1	2	1	1	1	-1	2	11	-1	1	1	1	7	2	1	1	-1	2	4	-1	-1	3	2	2	8	2
TCGA-AA-3552	2	1	2	85	-1	1	3	-1	-1	1	11	-1	4	1	2	-1	2	-1	-1	-1	-1	1	1	2	-1	3	1	1	2	-1	2	9	-1	2	1	2	9	2	2	1	5	2	2	2	-1	4	10	2	3	2
TCGA-AG-A01J	-1	-1	2	59	-1	-1	2	-1	-1	2	12	-1	4	1	2	-1	2	-1	-1	-1	-1	2	2	1	-1	3	2	1	1	-1	2	11	-1	1	1	1	7	3	1	1	-1	2	2	-1	-1	4	2	2	8	2
TCGA-4N-A93T	2	1	2	67	1	1	3	-1	2	1	15	2	4	1	1	1	1	-1	2	2	-1	2	2	1	1	6	2	2	2	6	2	8	4	2	1	2	4	3	2	1	-1	2	2	2	-1	4	9	2	1	2
TCGA-AG-A014	-1	-1	2	86	-1	-1	1	-1	-1	1	12	-1	4	1	2	-1	2	-1	-1	-1	-1	2	2	1	-1	2	2	1	1	-1	2	11	-1	1	1	1	7	2	1	1	-1	2	2	-1	-1	4	2	2	8	2
TCGA-AG-A016	-1	-1	2	55	-1	-1	4	-1	-1	1	12	-1	4	1	2	-1	2	-1	-1	-1	-1	2	2	1	-1	3	1	1	1	-1	2	11	-1	1	1	1	9	3	1	1	-1	2	4	-1	-1	3	2	2	8	2
TCGA-AG-A011	-1	-1	2	80	-1	-1	2	-1	-1	1	12	-1	4	1	2	-1	2	-1	-1	-1	-1	2	2	1	-1	3	2	1	1	-1	2	11	-1	1	1	1	7	3	1	1	-1	2	2	-1	-1	4	2	2	8	2
TCGA-CK-4951	2	1	2	79	-1	1	2	-1	-1	2	8	-1	3	1	2	-1	-1	-1	1	2	-1	1	1	2	1	3	2	-1	3	5	2	9	-1	2	1	3	7	3	3	1	2	1	3	2	-1	4	10	2	1	1
TCGA-A6-6649	2	1	2	66	-1	1	3	-1	-1	1	14	-1	4	1	-1	-1	1	-1	1	1	-1	2	2	1	1	3	1	2	2	-1	2	8	-1	2	1	2	4	2	2	1	8	1	-1	2	-1	4	9	2	-1	1
TCGA-D5-7000	2	1	2	79	-1	1	1	-1	-1	2	13	-1	3	1	1	-1	1	-1	1	2	-1	2	2	1	1	2	2	2	3	-1	2	9	-1	2	1	3	7	3	3	1	5	1	2	2	-1	4	10	2	3	2
TCGA-AA-3930	2	1	2	66	-1	1	4	-1	-1	1	11	-1	4	1	2	-1	2	-1	-1	-1	-1	1	-1	2	-1	3	1	1	2	-1	2	8	-1	2	1	2	9	3	2	1	4	2	4	2	-1	3	9	2	1	1
TCGA-AY-A8YK	2	1	2	44	1	1	4	-1	2	1	15	2	4	1	1	2	1	-1	2	2	-1	2	2	1	1	3	1	2	2	-1	2	3	2	2	1	2	3	3	2	1	-1	1	2	2	-1	3	4	2	9	1
TCGA-AG-3999	-1	-1	2	61	-1	-1	3	-1	-1	2	11	-1	4	1	2	-1	2	-1	-1	-1	-1	2	1	1	-1	3	1	1	1	-1	2	6	-1	1	1	1	9	3	1	1	-1	2	2	-1	-1	4	11	2	8	1
TCGA-AA-A004	2	1	2	76	-1	1	2	-1	-1	1	12	-1	4	1	2	2	2	-1	-1	-1	-1	2	2	1	-1	3	2	1	2	-1	2	3	-1	2	1	2	7	3	2	1	-1	-1	2	2	-1	4	4	2	9	2
TCGA-CM-6168	2	1	2	84	-1	1	2	-1	-1	2	14	-1	4	1	1	-1	1	-1	2	2	-1	2	2	1	1	3	2	2	2	-1	2	8	-1	2	1	2	7	3	2	1	8	1	2	2	-1	4	9	2	1	1
TCGA-CM-6169	2	1	2	67	-1	1	2	-1	-1	1	14	-1	4	1	1	-1	1	-1	2	1	-1	2	2	1	1	3	1	2	2	-1	2	9	-1	2	1	2	7	3	2	1	8	1	2	2	-1	4	10	2	3	1
TCGA-F4-6809	2	1	2	52	-1	1	4	-1	-1	2	13	-1	4	1	1	-1	1	-1	1	2	-1	1	-1	2	1	3	2	2	2	-1	2	3	-1	2	1	2	8	3	2	1	7	2	2	2	-1	3	4	2	9	2
TCGA-F4-6808	2	1	2	54	-1	1	1	-1	-1	2	13	-1	4	1	1	-1	1	-1	1	2	-1	2	2	1	1	4	2	2	2	5	2	3	-1	2	1	2	7	3	2	1	5	1	2	2	-1	4	4	2	9	2
TCGA-F4-6805	2	1	2	58	-1	1	2	-1	-1	2	13	-1	4	1	1	-1	1	-1	1	2	-1	2	2	1	1	3	2	2	2	-1	2	2	-1	2	1	2	7	3	2	2	6	1	2	2	-1	4	3	2	2	2
TCGA-G4-6320	2	1	2	73	-1	1	3	-1	-1	1	12	-1	4	1	2	-1	2	-1	1	2	-1	2	2	1	1	3	1	1	2	-1	2	7	-1	2	1	2	8	3	2	1	3	1	2	2	-1	5	8	2	5	1
TCGA-CM-6162	2	1	2	48	-1	1	3	-1	-1	2	14	-1	3	1	1	-1	1	-1	1	1	-1	2	2	1	1	3	1	2	3	-1	2	8	-1	2	1	3	6	3	3	1	6	1	2	2	-1	4	9	2	1	1
TCGA-G4-6322	2	1	2	65	-1	1	3	-1	-1	1	12	-1	3	1	2	-1	2	-1	1	2	-1	2	1	1	1	3	1	1	3	-1	2	4	-1	2	1	3	8	3	3	1	3	1	2	2	-1	5	5	2	2	1
TCGA-CM-6164	2	1	2	46	-1	1	2	-1	-1	2	12	-1	4	1	2	-1	2	-1	1	1	-1	2	2	1	1	3	2	1	2	-1	2	3	-1	2	1	2	7	3	2	1	8	1	2	2	-1	4	4	2	9	1
TCGA-CM-6165	2	1	2	74	-1	1	2	-1	-1	1	14	-1	4	1	1	-1	1	-1	1	2	-1	2	2	1	1	3	2	2	2	-1	2	3	-1	2	1	2	7	3	2	1	6	1	2	2	-1	4	4	2	9	2
TCGA-CM-6166	2	1	2	48	-1	1	1	-1	-1	2	14	-1	4	1	1	-1	2	-1	1	2	-1	2	2	1	1	2	2	1	2	-1	2	8	-1	2	1	2	7	3	2	1	3	1	2	2	-1	4	9	2	1	2
TCGA-CM-6167	2	1	2	57	-1	1	3	-1	-1	2	14	-1	4	1	1	-1	1	-1	2	1	-1	2	2	1	1	3	1	2	2	-1	2	9	-1	2	1	2	2	3	2	1	5	1	2	2	-1	4	10	2	3	1
TCGA-A6-A56B	2	1	2	57	1	1	3	-1	2	1	11	2	4	1	2	2	2	-1	2	-1	-1	1	1	2	1	3	1	1	2	-1	2	3	2	2	1	2	8	3	2	1	-1	1	2	2	-1	4	4	1	9	2
TCGA-AZ-4313	2	1	-1	51	-1	1	1	-1	-1	2	8	-1	4	1	2	-1	2	-1	1	2	-1	2	2	1	1	4	1	1	2	-1	2	4	-1	2	1	2	7	2	2	1	4	1	-1	2	-1	4	5	-1	2	1
TCGA-AZ-4315	2	1	-1	61	-1	1	2	-1	-1	1	7	-1	4	1	-1	-1	2	-1	1	2	-1	2	2	1	1	3	2	1	2	-1	2	9	-1	2	1	2	7	3	2	1	5	1	2	2	-1	4	10	-1	3	2
TCGA-EI-7002	-1	-1	2	58	-1	-1	4	-1	-1	1	13	-1	6	1	1	-1	1	-1	1	-1	-1	2	2	1	1	3	1	2	1	-1	2	11	-1	1	1	1	9	3	1	1	-1	2	2	-1	-1	3	2	2	8	2
TCGA-EI-7004	-1	-1	2	37	-1	-1	-1	-1	-1	2	13	-1	3	1	1	-1	1	-1	1	2	-1	2	2	1	1	6	1	2	1	-1	2	6	-1	1	1	1	2	3	4	1	-1	1	2	-1	-1	4	11	2	6	2
TCGA-AG-3742	-1	-1	2	85	-1	-1	1	-1	-1	2	9	-1	4	1	3	-1	2	-1	-1	-1	-1	2	2	1	-1	4	-1	1	1	-1	2	2	-1	1	1	1	7	3	1	1	-1	2	2	-1	-1	4	3	2	8	-1
TCGA-AA-A00U	2	1	2	50	-1	1	3	-1	-1	1	12	-1	4	1	2	2	2	-1	-1	-1	-1	2	2	1	-1	3	2	1	2	-1	2	8	-1	2	1	2	8	3	2	1	-1	2	2	2	-1	4	9	2	1	2
TCGA-AY-4070	2	1	2	50	-1	1	3	2	-1	2	8	-1	4	1	2	-1	2	-1	2	1	-1	1	1	2	1	3	1	1	2	5	2	8	-1	2	1	2	9	3	2	1	4	2	3	2	-1	4	9	1	3	1
TCGA-AY-4071	2	1	2	63	-1	1	1	-1	-1	2	12	-1	4	1	2	-1	2	-1	1	2	-1	1	-1	2	1	4	2	1	2	-1	2	3	-1	-1	1	2	7	3	-1	1	4	1	2	2	-1	-1	4	2	-1	2
TCGA-AA-3819	2	1	2	41	-1	1	2	-1	-1	2	11	-1	4	1	2	-1	2	-1	-1	-1	-1	2	2	1	-1	3	1	1	2	-1	2	2	-1	2	1	2	7	3	2	1	6	2	2	2	-1	4	3	2	9	1
TCGA-AA-3818	2	1	2	78	-1	1	2	-1	-1	2	8	-1	4	1	2	-1	2	-1	-1	-1	-1	1	-1	2	-1	3	2	1	2	-1	2	2	-1	2	1	2	7	3	2	1	1	2	2	2	-1	4	3	2	5	2
TCGA-A6-A566	2	1	-1	55	1	1	3	2	2	2	8	1	3	1	2	2	2	-1	2	-1	-1	1	1	2	1	1	1	1	3	-1	2	4	3	2	1	3	8	3	3	1	-1	2	2	2	-1	4	5	1	2	-1
TCGA-AA-3814	2	1	2	85	-1	1	2	-1	-1	2	8	-1	9	1	2	-1	2	-1	-1	-1	-1	2	2	1	-1	3	1	1	2	-1	2	2	-1	2	1	2	7	2	2	1	5	2	2	2	-1	4	3	2	1	1
TCGA-A6-A565	2	1	-1	34	1	1	3	-1	2	2	11	1	3	1	2	2	2	-1	2	-1	-1	1	1	2	-1	3	1	1	3	-1	2	1	3	2	1	3	9	3	3	1	-1	2	1	2	-1	5	7	1	4	1
TCGA-AA-3811	2	1	2	84	-1	1	3	-1	-1	2	8	-1	2	1	3	-1	2	-1	-1	-1	-1	1	-1	2	-1	3	1	1	2	-1	2	2	-1	2	1	2	9	3	2	1	6	2	2	2	-1	4	3	2	5	1
TCGA-AA-3812	2	1	2	82	-1	1	2	-1	-1	2	8	-1	4	1	2	-1	2	-1	-1	-1	-1	2	1	1	-1	3	1	1	2	-1	2	3	-1	2	1	2	7	3	2	1	3	2	2	2	-1	4	4	2	9	-1
TCGA-AA-3955	2	1	2	38	-1	1	3	-1	-1	1	14	-1	4	1	1	-1	2	-1	-1	-1	-1	2	2	1	-1	2	1	1	2	-1	2	2	-1	2	1	2	3	3	2	1	6	2	2	2	-1	4	3	2	2	2
TCGA-AA-3956	2	1	2	65	-1	1	2	-1	-1	1	8	-1	4	1	2	-1	2	-1	-1	-1	-1	2	2	1	-1	3	2	1	2	-1	2	9	-1	2	1	2	7	3	2	1	6	2	2	2	-1	4	10	2	3	2
TCGA-AA-3950	2	1	2	79	-1	1	2	-1	-1	2	14	-1	3	1	2	-1	2	-1	-1	-1	-1	2	2	1	-1	3	2	1	3	-1	2	8	-1	2	1	3	7	2	3	1	3	2	2	2	-1	4	9	2	1	2
TCGA-AA-3952	2	1	2	68	-1	1	3	-1	-1	1	11	-1	4	1	2	-1	2	-1	-1	-1	-1	1	-1	2	-1	3	1	1	2	-1	2	4	-1	2	1	2	9	2	2	1	3	2	2	2	-1	4	5	2	2	1
TCGA-CK-5915	2	1	2	63	-1	1	1	-1	-1	1	8	-1	4	1	2	-1	-1	-1	1	2	-1	2	2	1	1	2	2	-1	2	-1	2	3	-1	2	1	2	7	3	2	-1	3	1	1	2	-1	5	4	2	9	2
TCGA-AA-3558	2	1	2	70	-1	1	1	-1	-1	1	11	-1	4	1	2	-1	2	-1	-1	-1	-1	2	1	1	-1	2	2	1	2	-1	2	3	-1	2	1	2	7	3	2	1	5	2	4	2	-1	4	4	2	9	2
TCGA-CK-5914	2	1	2	81	-1	1	3	-1	-1	1	11	-1	4	1	2	-1	-1	-1	1	2	-1	2	2	1	1	3	2	-1	2	-1	2	3	-1	2	1	2	8	3	2	-1	6	1	1	2	-1	5	4	2	9	2
TCGA-AA-3492	2	1	2	90	-1	1	2	-1	-1	2	3	-1	4	1	3	-1	2	-1	-1	-1	-1	1	-1	2	-1	3	2	1	2	-1	2	8	-1	2	1	2	7	3	2	1	6	2	2	2	-1	4	9	2	1	2
TCGA-AA-3495	2	1	2	79	-1	1	1	-1	-1	1	3	-1	4	1	3	-1	2	-1	-1	-1	-1	2	2	1	-1	2	-1	1	2	-1	2	8	-1	2	1	2	7	3	2	1	3	2	2	2	-1	4	9	2	5	-1
TCGA-AA-3494	2	1	2	55	-1	1	4	-1	-1	1	3	-1	4	1	3	-1	2	-1	-1	-1	-1	2	2	1	-1	3	-1	1	2	-1	2	2	-1	2	1	2	7	3	2	1	3	2	4	2	-1	3	3	2	9	-1
TCGA-AA-A00Q	2	1	2	66	-1	1	3	-1	-1	2	11	-1	4	1	2	2	2	-1	-1	-1	-1	2	2	1	-1	1	1	1	2	-1	2	3	-1	2	1	2	8	3	2	1	-1	2	2	2	-1	4	4	2	9	2
TCGA-AA-3496	2	1	2	83	-1	1	2	-1	-1	2	3	-1	4	1	3	-1	2	-1	-1	-1	-1	2	2	1	-1	3	-1	1	2	-1	2	8	-1	2	1	2	7	2	2	1	3	2	2	2	-1	4	9	2	1	-1
TCGA-AH-6903	-1	-1	2	46	-1	-1	3	-1	-1	1	14	-1	3	1	1	-1	1	-1	1	2	-1	2	2	1	1	3	2	2	1	5	2	6	-1	1	1	1	4	3	4	1	-1	1	2	-1	-1	4	11	2	6	2
TCGA-A6-3809	2	1	2	71	-1	1	2	-1	-1	2	12	-1	3	1	2	-1	1	1	1	-1	-1	2	2	1	1	1	2	2	3	-1	2	2	-1	2	1	3	7	3	3	1	6	1	2	2	1	4	3	2	4	2
TCGA-A6-3808	2	1	2	73	-1	1	2	-1	-1	1	12	-1	4	1	-1	-1	1	-1	1	-1	-1	2	2	1	1	3	2	2	2	-1	2	2	-1	2	1	2	7	3	2	1	5	1	2	2	-1	4	3	2	3	2
TCGA-AA-3554	2	1	2	62	-1	1	2	-1	-1	2	11	-1	4	1	2	-1	2	-1	-1	-1	-1	2	2	1	-1	3	2	1	2	-1	1	8	-1	2	1	2	7	2	2	1	6	2	2	2	-1	4	9	2	1	2
TCGA-AA-3555	2	1	2	81	-1	1	2	-1	-1	2	11	-1	4	1	2	-1	2	-1	-1	-1	-1	2	1	1	-1	3	2	1	3	-1	2	2	-1	2	1	3	7	3	3	1	6	2	2	2	-1	4	3	2	5	2
TCGA-AA-3556	2	1	2	78	-1	1	1	-1	-1	1	11	-1	3	1	2	-1	2	-1	-1	-1	-1	2	2	1	-1	2	2	1	3	-1	2	3	-1	2	1	3	7	2	-1	1	3	2	2	2	-1	4	4	2	9	2
TCGA-DC-6681	-1	-1	1	70	-1	-1	4	1	-1	2	13	-1	4	1	1	-1	1	-1	1	1	2	2	2	1	1	3	1	2	1	-1	2	6	-1	1	1	1	3	3	1	1	-1	1	2	-1	-1	1	11	1	6	1
TCGA-DC-6682	-1	-1	2	57	-1	-1	2	-1	-1	1	13	-1	4	1	1	-1	1	-1	1	2	-1	2	2	1	1	3	2	2	1	-1	2	6	-1	1	1	1	7	3	1	1	-1	1	2	-1	-1	4	11	2	6	2
TCGA-DC-6683	-1	-1	2	43	-1	-1	3	-1	-1	1	13	-1	4	1	1	-1	1	-1	1	1	-1	2	2	1	1	3	2	2	1	-1	2	6	-1	1	1	1	4	3	1	1	-1	1	2	-1	-1	4	11	2	6	1
TCGA-CK-5912	2	1	2	81	-1	1	1	-1	-1	1	7	-1	4	1	2	-1	-1	-1	1	2	-1	1	-1	2	1	2	2	-1	2	-1	2	8	-1	2	1	2	7	2	2	-1	4	1	1	2	-1	5	9	2	3	2
TCGA-A6-A5ZU	2	1	2	59	1	1	3	-1	2	1	15	2	4	1	1	2	1	-1	2	-1	-1	2	2	1	1	3	1	2	2	-1	2	1	-1	2	1	2	8	3	2	1	-1	1	1	2	-1	4	7	2	4	2
TCGA-SS-A7HO	2	1	2	44	1	1	2	-1	2	2	14	1	4	1	1	2	2	-1	2	2	-1	2	1	1	1	6	1	1	2	5	2	9	2	2	1	2	7	3	2	1	-1	2	2	2	-1	4	10	2	3	1
TCGA-AF-3400	-1	-1	2	54	-1	-1	2	-1	-1	1	12	-1	3	1	-1	-1	1	-1	1	-1	-1	2	2	1	1	3	2	2	1	-1	2	6	-1	1	1	1	7	3	4	1	-1	1	2	-1	-1	4	11	2	6	2
TCGA-D5-6929	2	1	2	49	-1	1	4	-1	-1	2	13	-1	4	1	1	-1	1	-1	1	1	-1	2	2	1	1	3	1	2	2	-1	2	2	-1	2	1	2	8	3	2	1	8	2	2	2	-1	3	3	2	9	2
TCGA-D5-6928	2	1	2	80	-1	1	2	-1	-1	1	13	-1	3	1	1	-1	1	-1	1	2	-1	2	2	1	1	3	2	2	3	-1	2	7	-1	2	1	3	7	3	3	1	1	1	2	2	-1	4	8	2	1	2
TCGA-CK-5913	2	1	1	58	-1	1	2	-1	-1	2	11	-1	4	1	2	-1	-1	-1	1	2	2	2	2	1	1	3	2	-1	2	-1	2	8	-1	2	1	2	7	3	2	-1	4	1	1	2	-1	5	9	2	3	2
TCGA-D5-6923	2	1	2	57	-1	1	1	-1	-1	1	13	-1	4	1	1	-1	1	-1	1	2	-1	2	2	1	1	2	2	2	2	5	2	3	-1	2	1	2	7	3	2	1	5	1	2	2	-1	4	4	2	9	2
TCGA-D5-6922	2	1	2	76	-1	1	3	-1	-1	1	13	-1	4	1	1	-1	1	-1	1	2	-1	2	2	1	1	3	1	2	2	-1	2	3	-1	2	1	2	8	3	2	1	8	1	2	2	-1	4	4	2	9	2
TCGA-D5-6920	2	1	2	77	-1	1	2	-1	-1	2	13	-1	4	1	1	-1	1	-1	1	2	-1	2	2	1	1	3	2	2	2	5	2	3	-1	2	1	2	7	3	2	1	8	1	2	2	-1	4	4	2	9	2
TCGA-D5-6927	2	1	2	34	-1	1	2	-1	-1	1	13	-1	4	1	1	-1	1	-1	1	2	-1	2	2	1	1	3	2	2	2	-1	2	3	-1	2	1	2	7	3	2	1	5	1	2	2	-1	4	4	2	4	2
TCGA-D5-6926	2	1	2	65	-1	1	3	-1	-1	1	13	-1	4	1	1	-1	1	-1	1	2	-1	2	2	1	1	6	2	2	2	-1	2	3	-1	2	1	2	8	3	2	1	8	1	2	2	-1	4	4	2	9	2
TCGA-D5-6924	2	1	2	68	-1	1	2	-1	-1	1	13	-1	4	1	1	-1	1	-1	1	2	-1	2	2	1	1	3	2	2	2	-1	2	3	-1	2	1	2	7	3	2	1	7	1	2	2	-1	4	4	2	9	2
TCGA-D5-6538	2	1	-1	79	-1	1	3	-1	-1	2	14	-1	4	1	-1	-1	1	-1	1	2	-1	2	2	1	1	3	2	2	2	5	2	7	-1	2	1	2	9	3	2	1	8	1	2	2	-1	4	8	2	5	1
TCGA-F5-6464	-1	-1	2	77	-1	-1	3	-1	-1	2	13	-1	4	1	1	-1	1	-1	1	2	-1	1	-1	2	1	5	2	2	1	5	2	6	-1	1	1	1	3	3	1	1	-1	-1	2	-1	-1	4	11	2	8	2
TCGA-F5-6465	-1	-1	-1	64	-1	-1	2	-1	-1	2	14	-1	4	1	1	-1	1	-1	1	2	-1	2	2	1	1	3	2	2	1	5	2	6	-1	1	1	1	7	3	1	1	-1	1	2	-1	-1	4	11	-1	6	2
TCGA-CI-6619	-1	-1	-1	41	-1	-1	4	-1	-1	1	14	-1	4	1	1	-1	2	-1	1	-1	-1	2	2	1	1	3	-1	1	1	-1	2	11	-1	1	1	1	5	3	1	-1	-1	-1	-1	-1	-1	3	2	-1	8	-1
TCGA-AY-A69D	2	1	2	55	2	1	2	-1	2	2	16	2	4	1	1	2	1	-1	2	2	-1	2	2	1	1	3	2	2	2	-1	2	1	2	2	1	2	7	3	2	1	-1	1	2	2	-1	4	7	2	4	2
TCGA-AG-4015	-1	-1	2	85	-1	-1	2	-1	-1	2	12	-1	4	1	2	-1	2	-1	-1	-1	-1	2	2	1	-1	3	1	1	1	-1	2	2	-1	1	1	1	7	3	1	1	-1	2	2	-1	-1	4	3	2	8	2
TCGA-G4-6303	2	1	2	54	-1	1	4	2	-1	2	7	-1	4	1	2	-1	2	-1	1	2	-1	1	1	2	1	3	1	1	2	-1	2	3	-1	2	1	2	8	3	2	1	3	2	2	2	-1	3	4	1	9	1
TCGA-CA-6717	2	1	-1	57	-1	1	2	-1	-1	1	14	-1	3	1	2	-1	1	-1	3	-1	-1	2	2	1	1	3	-1	2	3	-1	2	8	-1	2	1	3	7	3	3	2	7	1	1	2	-1	4	9	-1	1	-1
TCGA-AZ-4681	2	1	-1	79	-1	1	2	-1	-1	2	9	-1	4	1	2	-1	2	-1	1	-1	-1	2	2	1	1	3	-1	1	2	-1	2	8	-1	2	1	2	7	3	2	-1	4	1	2	2	-1	4	9	-1	1	-1
TCGA-AZ-4682	2	1	-1	61	-1	2	4	-1	-1	1	7	-1	4	1	-1	-1	2	-1	1	-1	-1	1	-1	2	1	3	2	1	2	-1	2	6	-1	2	1	2	7	3	2	1	5	2	2	2	-1	3	11	-1	9	2
TCGA-A6-5657	2	1	2	65	-1	1	3	-1	-1	1	14	-1	4	1	-1	-1	1	-1	2	-1	-1	2	2	1	1	3	1	2	2	-1	2	2	-1	2	1	2	8	3	2	1	6	1	2	2	-1	4	3	2	-1	2
TCGA-AZ-4684	2	1	-1	49	-1	1	4	-1	-1	1	7	-1	4	1	-1	-1	2	-1	1	-1	-1	2	1	1	1	3	1	1	2	1	2	6	-1	2	1	2	9	3	2	1	3	2	-1	2	-1	3	11	-1	-1	-1
TCGA-CA-6715	2	1	-1	63	-1	1	3	-1	-1	1	14	-1	1	1	2	-1	1	-1	3	-1	-1	2	2	1	1	3	-1	2	2	-1	2	3	-1	2	1	2	8	3	2	1	8	1	1	2	-1	4	4	-1	9	-1
TCGA-A6-5659	2	1	2	82	-1	1	1	-1	-1	1	14	-1	4	1	-1	-1	1	1	1	-1	-1	2	2	1	1	2	2	2	2	-1	2	8	-1	2	1	2	7	3	2	1	6	1	2	2	1	4	9	2	3	2
TCGA-AG-3602	-1	-1	2	66	-1	-1	3	-1	-1	2	8	-1	4	1	2	-1	2	-1	-1	-1	-1	2	2	1	-1	3	1	1	1	-1	2	6	-1	1	1	1	9	3	1	1	-1	2	2	-1	-1	4	11	2	8	2
TCGA-AG-A025	-1	-1	2	62	-1	-1	1	-1	-1	2	7	-1	4	1	3	-1	2	-1	-1	-1	-1	2	2	1	-1	4	-1	1	1	-1	2	11	-1	1	1	1	7	3	1	1	-1	2	2	-1	-1	4	2	2	8	-1
TCGA-AG-A026	-1	-1	2	66	-1	-1	2	-1	-1	1	7	-1	4	1	3	-1	2	-1	-1	-1	-1	1	-1	2	-1	1	1	1	1	-1	2	11	-1	1	1	1	7	3	1	1	-1	2	3	-1	-1	4	2	2	8	1
TCGA-AG-A020	-1	-1	2	57	-1	-1	3	-1	-1	2	10	-1	3	1	3	-1	2	-1	-1	-1	-1	2	2	1	-1	3	1	1	1	-1	2	11	-1	1	1	1	8	3	4	1	-1	2	2	-1	-1	4	2	2	8	-1
TCGA-AY-6196	2	1	2	47	-1	1	3	-1	-1	1	14	-1	3	1	1	-1	1	-1	1	2	-1	2	2	1	1	3	1	2	3	-1	2	8	-1	2	1	3	2	3	3	1	8	1	2	2	-1	-1	9	2	3	2
TCGA-CM-6678	2	1	1	63	-1	1	4	1	-1	2	13	-1	4	1	1	-1	1	-1	1	2	2	2	1	1	1	6	2	2	2	-1	2	3	-1	2	1	2	5	3	2	1	5	1	2	2	-1	1	4	1	9	2
TCGA-CM-6679	2	1	2	58	-1	1	2	-1	-1	1	13	-1	4	1	1	-1	1	-1	1	2	-1	2	2	1	1	3	2	2	2	-1	2	3	-1	2	1	2	7	3	2	1	6	1	2	2	-1	4	4	2	9	2
TCGA-D5-5539	2	1	2	60	-1	1	3	-1	-1	1	14	-1	3	1	-1	-1	1	-1	1	-1	-1	2	1	1	1	3	1	2	3	5	2	8	-1	2	1	3	8	3	3	1	6	-1	2	2	-1	4	9	2	1	-1
TCGA-AA-3673	2	1	2	53	-1	1	2	-1	-1	2	7	-1	4	1	3	-1	2	-1	-1	-1	-1	2	2	1	-1	3	2	1	2	-1	2	1	-1	2	1	2	7	3	2	2	3	2	2	2	-1	4	7	2	4	2
TCGA-AA-3672	2	1	2	90	-1	1	3	-1	-1	2	7	-1	4	1	3	-1	2	-1	-1	-1	-1	2	2	1	-1	3	2	1	2	-1	2	1	-1	2	1	2	8	2	2	1	1	2	2	2	-1	4	7	2	4	2
TCGA-AA-3675	2	1	2	84	-1	1	2	-1	-1	1	7	-1	4	1	3	-1	2	-1	-1	-1	-1	2	2	1	-1	3	2	1	2	-1	2	8	-1	2	1	2	7	3	2	1	6	2	2	2	-1	4	9	2	5	2
TCGA-F4-6570	2	1	2	78	-1	1	2	-1	-1	2	13	-1	4	1	1	-1	1	-1	1	2	-1	1	-1	2	1	3	2	2	2	5	2	2	-1	2	1	2	7	3	2	1	6	1	2	2	-1	4	3	2	4	2
TCGA-CM-6676	2	1	2	82	-1	1	1	-1	-1	1	13	-1	4	1	1	-1	1	-1	1	2	-1	2	2	1	1	2	1	2	2	4	2	3	-1	2	1	2	7	3	2	1	5	1	2	2	-1	4	4	2	9	2
TCGA-CM-6677	2	1	2	75	-1	1	2	-1	-1	2	13	-1	4	1	1	-1	1	-1	1	2	-1	2	2	1	1	3	2	2	2	-1	2	7	-1	2	1	2	7	3	2	1	3	1	2	2	-1	4	8	2	5	2
TCGA-AA-3982	2	1	2	75	-1	1	3	-1	-1	1	12	-1	4	1	2	-1	2	-1	-1	-1	-1	2	2	1	-1	3	1	1	2	-1	2	2	-1	2	1	2	8	3	2	1	3	2	-1	2	-1	4	3	2	9	1
TCGA-AA-3986	2	1	2	73	-1	1	1	-1	-1	1	8	-1	4	1	3	-1	2	-1	-1	-1	-1	2	2	1	-1	2	2	1	2	-1	2	2	-1	2	1	2	7	2	2	1	10	2	2	2	-1	4	3	2	4	2
TCGA-AA-3984	2	1	2	61	-1	1	2	-1	-1	2	12	-1	4	1	2	-1	2	-1	-1	-1	-1	2	2	1	-1	3	1	1	2	-1	2	3	-1	2	1	2	7	3	2	1	6	2	2	2	-1	4	4	2	9	1
TCGA-AA-3989	2	1	2	84	-1	1	4	-1	-1	1	12	-1	4	1	2	-1	2	-1	-1	-1	-1	1	-1	2	-1	3	1	1	2	-1	2	2	-1	2	1	2	9	3	2	1	6	2	4	2	-1	3	3	2	4	2
TCGA-G4-6310	2	1	2	69	-1	1	3	-1	-1	1	11	-1	4	1	2	-1	2	-1	1	2	-1	2	2	1	1	3	2	1	2	-1	2	2	-1	2	1	2	8	2	2	1	3	1	2	2	-1	4	3	2	3	2
TCGA-G4-6311	2	1	2	80	-1	1	3	-1	-1	1	11	-1	4	1	2	-1	2	-1	1	1	-1	2	2	1	1	3	1	1	2	-1	2	8	-1	2	1	2	8	3	2	1	3	1	2	2	-1	5	9	2	1	1
TCGA-G4-6314	2	1	1	76	-1	1	4	2	-1	2	11	-1	4	1	2	-1	2	-1	1	2	2	2	1	1	1	3	1	1	2	-1	2	9	-1	2	1	2	9	2	2	1	4	2	2	2	-1	3	10	1	3	1
TCGA-G4-6315	2	1	2	66	-1	1	4	2	-1	1	11	-1	4	1	2	-1	2	-1	1	1	-1	2	2	1	1	3	2	1	2	-1	2	4	-1	2	1	2	8	3	2	1	7	1	2	2	-1	3	5	1	2	2
TCGA-A6-3807	2	1	2	53	-1	1	3	-1	-1	2	12	-1	4	1	-1	-1	1	-1	1	-1	-1	2	2	1	1	3	1	2	2	-1	2	3	-1	2	1	2	9	3	2	1	8	1	2	2	-1	4	4	2	9	1
TCGA-G4-6317	1	1	2	51	-1	1	3	2	-1	2	11	-1	4	1	2	-1	2	-1	1	2	-1	2	1	1	1	3	-1	1	2	-1	2	3	-1	2	1	2	9	3	2	1	2	1	2	1	-1	5	4	1	9	-1
TCGA-AA-3851	2	1	2	74	-1	1	2	-1	-1	1	12	-1	4	1	2	-1	2	-1	-1	-1	-1	2	2	1	-1	3	1	1	2	-1	2	2	-1	2	1	2	7	3	2	1	4	2	2	2	-1	4	3	2	1	1
TCGA-AA-3850	2	1	2	74	-1	1	1	-1	-1	1	12	-1	4	1	2	-1	2	-1	-1	-1	-1	1	-1	2	-1	2	1	1	2	-1	2	1	-1	2	1	2	7	3	2	1	5	2	2	2	-1	4	7	2	4	-1
TCGA-AA-3852	2	1	2	88	-1	1	2	-1	-1	1	12	-1	3	1	2	-1	2	-1	-1	-1	-1	1	-1	2	-1	3	1	1	3	-1	2	2	-1	2	1	3	7	3	3	1	6	2	2	2	-1	4	3	2	4	1
TCGA-AG-A02X	-1	-1	2	77	-1	-1	1	-1	-1	1	8	-1	4	1	2	-1	2	-1	-1	-1	-1	2	2	1	-1	2	1	1	1	-1	2	11	-1	1	1	1	7	3	1	1	-1	2	2	-1	-1	4	2	2	8	1
TCGA-AA-3854	2	1	2	71	-1	1	1	-1	-1	2	12	-1	3	1	2	-1	2	-1	-1	-1	-1	2	2	1	-1	2	1	1	3	-1	2	2	-1	2	1	3	7	3	3	1	6	2	2	2	-1	4	3	2	9	1
TCGA-AA-3856	2	1	2	59	-1	1	2	-1	-1	1	12	-1	4	1	2	-1	2	-1	-1	-1	-1	2	2	1	-1	3	1	1	2	-1	2	2	-1	2	1	2	7	3	2	1	6	2	2	2	-1	4	3	2	9	1
TCGA-AA-3553	2	1	2	61	-1	1	1	-1	-1	2	11	-1	4	1	2	-1	2	-1	-1	-1	-1	2	2	1	-1	2	2	1	2	-1	2	2	-1	2	1	2	7	3	2	1	3	2	2	2	-1	4	3	2	9	2
TCGA-AA-3858	2	1	2	67	-1	1	1	-1	-1	1	12	-1	4	1	2	-1	2	-1	-1	-1	-1	2	2	1	-1	2	1	1	2	-1	2	2	-1	2	1	2	7	3	2	1	3	2	2	2	-1	4	3	2	9	1
TCGA-EI-6917	-1	-1	2	33	-1	-1	3	-1	-1	1	14	-1	9	1	1	-1	1	-1	1	2	-1	2	2	1	1	3	2	2	1	-1	2	11	-1	1	1	1	8	3	1	1	-1	1	2	-1	-1	4	2	2	8	2
TCGA-EI-6509	-1	-1	2	53	-1	-1	3	-1	-1	1	14	-1	5	1	1	-1	1	-1	1	2	-1	2	1	1	1	3	1	2	1	5	2	11	-1	1	1	1	2	3	1	1	-1	1	2	-1	-1	4	2	2	6	2
TCGA-AG-A02N	-1	-1	2	67	-1	-1	2	-1	-1	1	10	-1	4	1	3	-1	2	-1	-1	-1	-1	2	2	1	-1	3	1	1	1	-1	2	11	-1	1	1	1	7	3	1	1	-1	2	2	-1	-1	4	2	2	8	-1
TCGA-QL-A97D	2	1	-1	84	2	1	1	-1	2	2	16	2	4	1	1	1	2	-1	2	-1	-1	2	2	1	-1	2	-1	1	2	-1	2	8	2	2	1	2	7	3	2	1	-1	1	-1	2	-1	5	9	-1	3	-1
TCGA-CM-4751	2	1	2	62	-1	1	3	-1	-1	1	12	-1	4	1	1	-1	2	-1	1	1	-1	2	2	1	1	3	1	1	2	-1	2	9	-1	2	1	2	4	3	2	1	4	1	2	2	-1	4	10	2	3	1
TCGA-CM-4750	2	1	2	34	-1	1	3	-1	-1	2	14	-1	4	1	-1	-1	2	-1	1	2	-1	2	2	1	1	4	1	1	2	-1	2	6	-1	2	1	2	4	3	2	1	6	1	2	2	-1	4	11	2	-1	2
TCGA-CM-4752	2	1	2	58	-1	1	2	-1	-1	1	14	-1	4	1	-1	-1	2	-1	2	1	-1	2	2	1	1	3	2	1	2	-1	2	8	-1	2	1	2	7	3	2	1	4	1	2	2	-1	4	9	2	1	2
TCGA-A6-6651	2	1	2	55	-1	1	3	-1	-1	2	14	-1	4	1	1	-1	1	-1	1	-1	-1	2	2	1	1	3	1	2	2	-1	2	2	-1	2	1	2	4	3	2	1	1	1	-1	2	-1	5	3	2	4	2
TCGA-A6-6650	2	1	2	69	-1	1	2	-1	-1	2	14	-1	4	1	1	-1	1	1	2	-1	-1	2	2	1	1	3	2	2	2	-1	2	8	-1	2	1	2	7	3	2	1	7	1	-1	2	1	4	9	2	-1	2
TCGA-A6-6653	2	1	1	82	-1	1	1	-1	-1	1	13	-1	4	1	1	-1	1	-1	1	-1	1	2	2	1	1	2	2	2	2	-1	2	2	-1	2	1	2	7	3	2	1	6	1	-1	2	-1	4	3	2	1	2
TCGA-AG-A02G	-1	-1	2	66	-1	-1	4	-1	-1	1	8	-1	4	1	2	-1	2	-1	-1	-1	-1	1	1	2	-1	2	1	1	1	-1	2	11	-1	1	1	1	8	3	1	1	-1	2	4	-1	-1	3	2	2	8	1
TCGA-A6-6654	2	1	2	65	-1	1	3	-1	-1	2	13	-1	4	1	1	-1	1	-1	1	-1	-1	2	2	1	1	3	1	2	2	-1	2	2	-1	2	1	2	8	3	2	1	8	1	-1	2	-1	4	3	2	2	2
TCGA-EI-6506	-1	-1	2	78	-1	-1	2	-1	-1	2	14	-1	6	1	1	-1	1	-1	1	1	-1	2	2	1	1	3	2	2	1	-1	2	11	-1	1	1	1	7	3	1	1	-1	1	2	-1	-1	4	2	2	6	2
TCGA-EI-6507	-1	-1	2	60	-1	-1	2	-1	-1	1	14	-1	3	1	1	-1	1	-1	1	2	-1	2	2	1	1	3	2	2	1	-1	2	11	-1	1	1	1	7	3	1	1	-1	1	2	-1	-1	4	2	2	8	2
TCGA-AF-A56N	-1	-1	-1	47	1	-1	2	-1	1	2	16	2	4	1	1	-1	1	-1	2	-1	-1	2	2	1	1	3	2	2	1	-1	2	6	2	1	1	1	7	3	1	1	-1	1	2	-1	-1	4	11	-1	8	2
TCGA-AF-A56L	-1	-1	-1	48	1	-1	3	-1	2	2	11	2	4	1	2	-1	2	-1	2	-1	-1	2	2	1	-1	3	1	1	1	-1	2	6	2	1	1	1	9	3	1	1	-1	1	1	-1	-1	4	11	-1	9	2
TCGA-AF-A56K	-1	-1	2	56	2	-1	2	-1	2	1	7	1	4	1	2	-1	2	-1	2	-1	-1	2	1	1	1	3	2	1	1	-1	2	6	2	1	1	1	7	3	1	1	-1	1	2	-1	-1	4	11	2	9	2
TCGA-5M-AAT5	2	1	-1	-1	-1	1	-1	-1	-1	-1	-1	-1	-1	-1	-1	2	-1	-1	-1	-1	-1	-1	-1	-1	-1	-1	-1	-1	2	-1	-1	-1	-1	-1	-1	2	-1	-1	-1	-1	-1	-1	-1	2	-1	-1	-1	-1	-1	-1
TCGA-5M-AAT4	2	1	2	74	2	1	4	-1	2	1	12	2	4	1	2	2	2	-1	2	-1	-1	1	-1	2	2	3	-1	1	2	5	2	8	3	2	1	2	7	3	2	1	-1	2	2	2	-1	2	9	2	1	1
TCGA-AD-6888	2	1	2	73	-1	1	3	-1	-1	1	14	-1	4	1	1	-1	2	-1	1	2	-1	1	1	2	1	3	1	1	2	5	2	8	-1	2	1	2	4	2	2	1	4	1	2	2	-1	4	9	2	5	1
TCGA-AD-6889	2	1	2	76	-1	1	2	-1	-1	1	10	-1	4	1	2	-1	2	-1	3	-1	-1	1	1	2	-1	3	2	1	2	-1	2	8	-1	2	1	2	7	3	2	1	5	1	2	2	-1	4	9	2	1	2
TCGA-CK-6748	2	1	2	45	-1	1	4	1	-1	2	11	-1	3	1	2	-1	-1	-1	1	2	-1	2	2	1	1	3	2	-1	3	-1	2	3	-1	2	1	3	8	3	3	-1	3	2	1	2	-1	3	4	1	9	2
TCGA-AY-A54L	2	1	-1	74	2	1	1	-1	2	2	16	2	4	1	1	2	1	-1	2	2	-1	2	1	1	-1	2	2	2	2	-1	2	7	2	2	1	2	7	3	2	1	-1	1	2	2	-1	4	8	-1	4	2
TCGA-CK-6746	2	1	2	84	-1	1	2	-1	-1	2	12	-1	4	1	2	-1	-1	-1	1	1	-1	2	2	1	1	5	2	-1	2	-1	2	9	-1	2	1	2	7	3	2	-1	3	1	1	2	-1	5	10	2	3	2
TCGA-CK-6747	2	1	2	87	-1	1	2	-1	-1	2	11	-1	4	1	2	-1	-1	-1	1	2	-1	2	2	1	1	3	2	-1	2	-1	2	9	-1	2	1	2	7	3	2	-1	3	1	1	2	-1	5	10	2	3	2
TCGA-EI-6510	-1	-1	2	77	-1	-1	-1	-1	-1	2	14	-1	5	1	1	-1	1	-1	1	1	-1	2	2	1	1	2	2	2	1	-1	2	11	-1	1	1	1	7	3	1	1	-1	1	2	-1	-1	5	2	2	6	2
TCGA-AF-3914	-1	-1	2	39	-1	-1	3	-1	-1	1	14	-1	4	1	-1	-1	1	-1	1	-1	-1	2	1	1	1	3	1	2	1	-1	2	6	-1	1	1	1	3	3	1	1	-1	1	2	-1	-1	4	11	2	6	1
TCGA-A6-6141	2	1	2	31	-1	1	2	-1	-1	1	13	-1	4	1	1	-1	1	-1	2	-1	-1	2	2	1	1	3	2	2	2	-1	2	2	-1	2	1	2	7	3	2	1	8	1	-1	2	-1	4	3	2	3	2
TCGA-AM-5820	2	1	2	59	-1	1	4	-1	-1	2	14	-1	4	1	1	-1	2	-1	1	2	-1	2	2	1	1	6	1	1	2	-1	2	2	-1	2	1	2	9	3	2	1	4	1	2	2	-1	3	3	2	9	2
TCGA-AM-5821	2	1	2	68	-1	1	2	-1	-1	2	14	-1	4	1	1	-1	2	-1	1	2	-1	2	2	1	1	3	2	1	2	-1	2	3	-1	2	1	2	7	3	2	2	8	1	2	2	-1	4	4	2	9	2
TCGA-AA-3821	2	1	2	81	-1	1	1	-1	-1	2	11	-1	3	1	2	-1	2	-1	-1	-1	-1	2	2	1	-1	2	-1	1	3	-1	2	8	-1	2	1	3	7	3	3	1	5	2	2	2	-1	4	9	2	5	-1
TCGA-CK-4950	2	1	2	68	-1	1	3	-1	-1	2	11	-1	3	1	2	-1	-1	-1	2	2	-1	2	2	1	1	3	2	-1	3	5	2	9	-1	2	1	3	8	3	3	1	4	1	3	2	-1	4	10	2	3	2
TCGA-A6-5656	2	1	2	74	-1	1	1	-1	-1	1	14	-1	4	1	1	-1	1	1	1	-1	-1	2	2	1	1	2	2	2	2	-1	2	3	-1	2	1	2	7	3	2	1	6	1	-1	2	1	4	4	2	9	2
TCGA-AA-3506	2	1	2	77	-1	1	1	-1	-1	1	9	-1	4	1	3	-1	2	-1	-1	-1	-1	2	2	1	-1	2	-1	1	2	-1	2	2	-1	2	1	2	7	2	2	1	5	2	2	2	-1	4	3	2	5	-1
TCGA-AA-3502	2	1	2	73	-1	1	1	-1	-1	1	4	-1	4	1	3	-1	2	-1	-1	-1	-1	2	2	1	-1	2	-1	1	2	-1	2	2	-1	2	1	2	7	3	2	1	10	2	2	2	-1	4	3	2	4	-1
TCGA-AA-3509	2	1	2	54	-1	1	2	-1	-1	2	10	-1	4	1	3	-1	2	-1	-1	-1	-1	2	2	1	-1	3	2	1	2	-1	2	3	-1	2	1	2	7	3	2	1	3	2	2	2	-1	4	4	2	9	2
TCGA-NH-A6GC	3	1	2	66	2	1	4	1	2	2	15	2	3	1	1	2	1	-1	2	2	-1	2	2	1	1	5	2	2	3	-1	2	4	-1	2	1	3	4	3	3	1	-1	-1	2	3	-1	2	5	1	2	2
TCGA-NH-A6GB	2	1	2	71	1	1	3	2	2	2	15	2	4	1	1	2	1	-1	2	2	-1	2	2	1	1	3	2	2	2	-1	2	1	-1	2	1	2	2	3	2	1	-1	-1	2	2	-1	5	7	1	4	2
TCGA-NH-A6GA	2	1	2	58	1	1	3	1	2	1	15	1	4	1	1	2	1	-1	2	2	-1	1	1	2	1	6	1	2	2	-1	2	8	3	2	1	2	3	3	2	1	-1	2	2	2	-1	5	9	1	1	1
TCGA-AF-6655	-1	-1	2	66	-1	-1	3	-1	-1	1	14	-1	4	1	1	-1	1	-1	1	-1	-1	2	2	1	1	2	1	2	1	-1	2	6	-1	1	1	1	8	3	1	1	-1	1	2	-1	-1	4	11	2	8	2
TCGA-A6-2677	2	1	2	68	-1	1	3	-1	-1	2	12	-1	4	1	2	-1	1	1	1	-1	-1	1	-1	2	1	3	1	2	2	-1	2	8	-1	2	1	2	9	2	2	1	6	1	2	2	1	4	9	2	3	2
TCGA-A6-2676	2	1	2	75	-1	1	2	-1	-1	2	12	-1	4	1	2	-1	1	-1	1	-1	-1	1	-1	2	1	1	2	2	2	-1	2	2	-1	2	1	2	7	3	2	1	6	1	2	2	-1	4	3	2	3	2
TCGA-A6-2675	2	1	2	78	-1	1	2	-1	-1	1	12	-1	4	1	2	-1	1	-1	1	-1	-1	2	2	1	1	3	2	2	2	-1	2	3	-1	2	1	2	7	3	2	1	5	1	2	2	-1	5	4	2	9	2
TCGA-A6-2674	2	1	2	71	-1	1	4	-1	-1	1	12	-1	3	1	2	-1	1	1	1	-1	-1	2	1	1	1	3	2	2	3	5	2	3	-1	2	1	3	9	3	3	1	3	1	2	2	1	3	4	2	9	1
TCGA-A6-2672	2	1	2	82	-1	1	3	-1	-1	2	12	-1	4	1	-1	-1	1	-1	1	-1	-1	2	2	1	1	3	1	2	2	-1	2	8	-1	2	1	2	8	3	2	1	6	1	2	2	-1	4	9	2	-1	1
TCGA-A6-2671	2	1	2	85	-1	1	4	-1	-1	1	12	-1	4	1	2	-1	1	-1	1	-1	-1	1	1	2	1	3	1	2	2	-1	2	3	-1	2	1	2	9	3	2	1	8	2	2	2	-1	3	4	2	9	1
TCGA-5M-AATA	2	1	-1	-1	-1	1	-1	-1	-1	-1	-1	-1	-1	-1	-1	2	-1	-1	-1	-1	-1	-1	-1	-1	-1	-1	-1	-1	2	-1	-1	-1	-1	-1	-1	2	-1	-1	-1	-1	-1	-1	-1	2	-1	-1	-1	-1	-1	-1
TCGA-CM-5860	2	1	2	44	-1	1	2	-1	-1	1	14	-1	4	1	1	-1	1	-1	1	1	-1	2	2	1	1	3	2	2	2	-1	2	8	-1	2	1	2	7	3	2	1	3	1	2	2	-1	4	9	2	1	1
TCGA-AG-3591	-1	-1	2	66	-1	-1	2	-1	-1	2	8	-1	4	1	2	-1	2	-1	-1	-1	-1	2	2	1	-1	3	2	1	1	-1	2	6	-1	1	1	1	7	3	1	1	-1	2	2	-1	-1	4	11	2	8	2
TCGA-5M-AATE	2	1	2	76	2	1	2	1	2	1	13	1	4	1	1	2	2	-1	2	2	-1	2	1	1	2	3	2	1	2	5	2	8	3	2	1	2	7	3	2	1	-1	2	2	2	-1	4	9	1	1	2
TCGA-A6-2679	2	1	2	73	-1	1	2	-1	-1	2	12	-1	4	1	2	-1	1	-1	1	-1	-1	2	2	1	1	3	2	2	2	5	2	8	-1	2	1	2	7	3	2	1	6	1	2	2	-1	-1	9	2	1	2
TCGA-A6-2678	2	1	2	43	-1	1	3	-1	-1	2	12	-1	4	1	2	-1	1	-1	1	-1	-1	2	2	1	1	3	1	2	2	-1	2	1	-1	2	1	2	8	3	2	1	3	1	2	2	-1	4	7	2	4	2
TCGA-CL-5918	-1	-1	2	90	-1	-1	2	-1	-1	2	11	-1	4	1	2	-1	-1	-1	1	2	-1	2	2	1	1	3	2	-1	1	-1	2	11	-1	1	1	1	7	3	1	-1	-1	1	1	-1	-1	5	2	2	6	2
TCGA-CL-5917	-1	-1	2	71	-1	-1	3	-1	-1	2	7	-1	4	1	2	-1	-1	-1	1	1	-1	2	2	1	1	3	1	-1	1	-1	2	6	-1	1	1	1	9	3	1	-1	-1	1	1	-1	-1	5	11	2	6	1
TCGA-G4-6304	2	1	2	66	-1	1	2	-1	-1	2	7	-1	4	1	2	-1	2	-1	1	2	-1	2	1	1	1	1	2	1	2	-1	2	1	-1	2	1	2	7	3	2	2	6	1	2	2	-1	4	7	2	4	2
TCGA-NH-A50U	2	1	2	42	1	1	4	1	2	1	16	1	3	1	1	2	1	-1	2	1	-1	1	1	2	1	6	2	2	3	-1	2	9	1	2	1	3	7	3	3	1	-1	2	2	2	-1	1	10	1	3	2
TCGA-NH-A50T	2	1	2	68	2	1	2	-1	2	2	16	2	4	1	1	2	1	-1	2	2	-1	2	2	1	1	3	2	2	2	5	2	5	2	2	1	2	7	3	2	1	-1	1	2	2	-1	5	6	2	7	2
TCGA-NH-A50V	2	1	2	69	1	1	3	-1	2	1	16	2	4	1	1	2	1	-1	2	2	-1	2	2	1	1	3	2	2	2	5	2	9	-1	2	1	2	3	3	2	1	-1	1	2	2	-1	4	10	2	3	2
TCGA-AA-A01K	2	1	2	74	-1	1	3	-1	-1	2	12	-1	4	1	2	2	2	-1	-1	-1	-1	2	2	1	-1	3	1	1	2	-1	2	3	-1	2	1	2	9	3	2	1	-1	2	2	2	-1	4	4	2	9	2
TCGA-DC-6158	-1	-1	2	70	-1	-1	1	-1	-1	1	14	-1	4	1	1	-1	1	-1	1	1	-1	1	-1	2	1	2	2	2	1	-1	2	11	-1	1	1	1	7	3	1	1	-1	1	2	-1	-1	4	2	2	8	1
TCGA-D5-6898	2	1	2	51	-1	1	1	-1	-1	2	13	-1	4	1	1	-1	1	-1	1	2	-1	2	2	1	1	2	2	2	2	-1	2	2	-1	2	1	2	7	3	2	1	8	1	2	2	-1	4	3	2	9	2
TCGA-AA-A01I	2	1	2	76	-1	1	1	-1	-1	1	12	-1	4	1	2	2	2	-1	-1	-1	-1	2	2	1	-1	2	2	1	2	-1	2	3	-1	2	1	2	7	3	2	1	-1	2	2	2	-1	4	4	2	9	2
TCGA-AA-3518	2	1	2	81	-1	1	2	-1	-1	2	8	-1	4	1	2	-1	2	-1	-1	-1	-1	2	2	1	-1	3	2	1	2	-1	2	9	-1	2	1	2	7	3	2	1	8	2	2	2	-1	4	10	2	3	2
TCGA-AA-3519	2	1	2	63	-1	1	3	-1	-1	1	8	-1	4	1	3	-1	2	-1	-1	-1	-1	2	2	1	-1	3	2	1	2	-1	2	2	-1	2	1	2	8	3	2	1	6	-1	2	2	-1	4	3	2	9	2
TCGA-AA-3971	2	1	2	58	-1	1	3	-1	-1	1	8	-1	4	1	3	-1	2	-1	-1	-1	-1	2	2	1	-1	3	2	1	2	-1	2	2	-1	2	1	2	8	3	2	1	6	2	2	2	-1	4	3	2	9	2
TCGA-AG-3598	-1	-1	2	69	-1	-1	2	-1	-1	1	8	-1	4	1	2	-1	2	-1	-1	-1	-1	2	2	1	-1	3	2	1	1	-1	2	6	-1	1	1	1	7	3	1	1	-1	2	2	-1	-1	4	11	2	8	2
TCGA-AG-3599	-1	-1	2	70	-1	-1	1	-1	-1	1	8	-1	3	1	3	-1	2	-1	-1	-1	-1	2	2	1	-1	2	2	1	1	-1	2	6	-1	1	1	1	7	3	-1	1	-1	2	2	-1	-1	4	11	2	8	2
TCGA-AA-A017	2	1	2	57	-1	1	2	-1	-1	2	12	-1	4	1	2	2	2	-1	-1	-1	-1	2	2	1	-1	3	1	1	2	-1	2	3	-1	2	1	2	7	3	2	1	-1	2	2	2	-1	4	4	2	9	2
TCGA-3L-AA1B	2	1	-1	-1	-1	1	-1	-1	-1	-1	-1	-1	-1	-1	-1	1	-1	-1	-1	-1	-1	-1	-1	-1	-1	-1	-1	-1	2	-1	-1	-1	-1	-1	-1	2	-1	-1	-1	-1	-1	-1	-1	2	-1	-1	-1	-1	-1	-1
TCGA-AG-3594	-1	-1	2	77	-1	-1	2	-1	-1	1	8	-1	3	1	2	-1	2	-1	-1	-1	-1	1	-1	2	-1	3	2	1	1	-1	2	6	-1	1	1	1	7	3	4	1	-1	2	2	-1	-1	4	11	2	8	2
TCGA-AG-3592	-1	-1	-1	68	-1	-1	2	-1	-1	1	8	-1	4	1	2	-1	2	-1	-1	-1	-1	2	2	1	-1	3	2	1	1	-1	2	6	-1	1	1	1	7	3	1	1	-1	2	2	-1	-1	4	11	2	8	2
TCGA-AG-3593	-1	-1	2	72	-1	-1	2	-1	-1	2	8	-1	4	1	2	-1	2	-1	-1	-1	-1	2	2	1	-1	3	2	1	1	-1	2	6	-1	1	1	1	7	3	1	1	-1	2	2	-1	-1	4	11	2	8	2
TCGA-AA-A010	2	1	2	46	-1	1	2	-1	-1	2	11	-1	4	1	2	2	2	-1	-1	-1	-1	2	2	1	-1	1	2	1	2	-1	2	1	-1	2	1	2	7	3	2	1	-1	2	2	2	-1	4	7	2	4	2
TCGA-EI-6885	-1	-1	2	57	-1	-1	4	-1	-1	2	13	-1	6	1	1	-1	1	-1	1	1	-1	2	1	1	1	3	1	2	1	-1	2	11	-1	1	1	1	4	3	1	1	-1	2	2	-1	-1	3	2	2	6	2
TCGA-EI-6884	-1	-1	2	71	-1	-1	3	-1	-1	1	13	-1	6	1	1	-1	1	-1	1	2	-1	2	2	1	1	3	2	2	1	-1	2	11	-1	1	1	1	8	3	1	1	-1	1	2	-1	-1	4	2	2	6	2
TCGA-CM-6170	2	1	2	73	-1	1	1	-1	-1	2	14	-1	4	1	1	-1	1	-1	1	2	-1	2	2	1	1	2	2	2	2	-1	2	4	-1	2	1	2	7	3	2	1	6	1	2	2	-1	4	5	2	2	2
TCGA-EI-6881	-1	-1	2	60	-1	-1	3	-1	-1	1	14	-1	5	1	2	-1	1	-1	1	2	-1	2	2	1	1	3	2	2	1	-1	2	11	-1	1	1	1	8	3	1	1	-1	1	2	-1	-1	4	2	2	6	2
TCGA-EI-6883	-1	-1	2	63	-1	-1	2	-1	-1	1	13	-1	6	1	1	-1	1	-1	1	2	-1	2	2	1	1	3	2	2	1	-1	2	11	-1	1	1	1	7	3	1	1	-1	1	2	-1	-1	4	2	2	6	2
TCGA-EI-6882	-1	-1	2	59	-1	-1	2	-1	-1	1	13	-1	9	1	1	-1	1	-1	1	2	-1	2	2	1	1	3	2	2	1	-1	2	11	-1	1	1	1	7	3	4	1	-1	1	2	-1	-1	4	2	2	6	2
TCGA-AA-A01G	2	1	2	63	-1	1	2	-1	-1	1	12	-1	3	1	2	2	2	-1	-1	-1	-1	2	2	1	-1	3	2	1	3	-1	2	9	-1	2	1	3	7	3	3	1	-1	2	2	2	-1	4	10	2	3	2
TCGA-AA-A01F	2	1	2	72	-1	1	3	-1	-1	1	12	-1	4	1	2	2	2	-1	-1	-1	-1	2	2	1	-1	3	1	1	2	-1	2	3	-1	2	1	2	8	3	2	1	-1	2	2	2	-1	4	4	2	9	2
TCGA-CM-6171	2	1	2	77	-1	1	1	-1	-1	2	14	-1	4	1	1	-1	1	-1	1	2	-1	2	2	1	1	2	2	2	2	-1	2	8	-1	2	1	2	7	3	2	1	3	1	2	2	-1	4	9	2	1	2
TCGA-AA-A01D	2	1	2	47	-1	1	3	-1	-1	2	12	-1	3	1	2	2	2	-1	-1	-1	-1	1	1	2	-1	3	1	1	3	-1	2	6	-1	2	1	3	9	3	3	1	-1	2	2	2	-1	4	11	2	9	2
TCGA-AA-A01C	2	1	2	75	-1	1	3	-1	-1	1	12	-1	4	1	2	2	2	-1	-1	-1	-1	2	2	1	-1	2	1	1	2	-1	2	8	-1	2	1	2	8	3	2	1	-1	2	2	2	-1	4	9	2	1	2
TCGA-AA-A01Z	2	1	2	68	-1	1	2	-1	-1	1	9	-1	4	1	3	2	2	-1	-1	-1	-1	2	1	1	-1	3	1	1	2	-1	2	8	-1	2	1	2	7	3	2	1	-1	2	2	2	-1	4	9	2	1	-1
TCGA-AA-A01X	2	1	2	80	-1	1	3	-1	-1	2	9	-1	4	1	3	2	2	-1	-1	-1	-1	2	1	1	-1	2	1	1	2	-1	2	3	-1	2	1	2	8	3	2	1	-1	2	1	2	-1	4	4	2	9	-1
TCGA-AA-A01V	2	1	2	59	-1	1	1	-1	-1	1	9	-1	4	1	3	2	2	-1	-1	-1	-1	2	2	1	-1	2	-1	1	2	-1	2	9	-1	2	1	2	7	3	2	1	-1	2	2	2	-1	4	10	2	3	-1
TCGA-AA-A01T	2	1	2	63	-1	1	3	-1	-1	2	9	-1	4	1	3	2	2	-1	-1	-1	-1	2	2	1	-1	3	1	1	2	-1	2	3	-1	2	1	2	8	3	2	1	-1	2	2	2	-1	4	4	2	9	-1
TCGA-AA-A01S	2	1	2	47	-1	1	3	-1	-1	2	9	-1	4	1	3	2	2	-1	-1	-1	-1	2	2	1	-1	3	-1	1	2	-1	2	3	-1	2	1	2	8	3	2	1	-1	2	2	2	-1	4	4	2	9	-1
TCGA-AA-A01R	2	1	2	47	-1	1	3	-1	-1	1	9	-1	3	1	3	2	2	-1	-1	-1	-1	2	1	1	-1	3	1	1	3	-1	2	8	-1	2	1	3	9	3	3	1	-1	2	2	2	-1	4	9	2	1	-1
TCGA-AA-A01Q	2	1	2	48	-1	1	2	-1	-1	2	4	-1	4	1	3	2	2	-1	-1	-1	-1	2	2	1	-1	3	1	1	2	-1	2	8	-1	2	1	2	7	3	2	1	-1	2	2	2	-1	4	9	2	1	-1
TCGA-AA-A01P	2	1	2	80	-1	1	3	-1	-1	2	4	-1	4	1	3	2	2	-1	-1	-1	-1	1	1	2	-1	3	1	1	2	-1	2	8	-1	2	1	2	8	3	2	1	-1	2	2	2	-1	4	9	2	1	-1
TCGA-AZ-6598	2	1	-1	77	-1	1	2	-1	-1	2	5	-1	4	1	3	-1	2	-1	1	2	-1	1	-1	2	1	3	2	1	2	-1	2	8	-1	2	1	2	7	3	2	1	8	-1	-1	2	-1	5	9	-1	-1	2
TCGA-AZ-6599	2	1	-1	72	-1	1	1	-1	-1	1	6	-1	4	1	3	-1	2	-1	1	2	-1	1	-1	2	1	2	2	1	2	-1	2	9	-1	2	1	2	7	3	2	1	8	-1	-1	2	-1	5	10	-1	3	2
TCGA-QG-A5Z2	2	1	2	61	2	1	1	-1	2	1	16	2	4	1	1	1	2	-1	2	2	-1	2	2	1	1	2	2	1	2	-1	2	9	2	2	1	2	7	3	2	1	-1	1	2	2	-1	4	10	2	3	2
TCGA-AZ-4308	2	1	-1	47	-1	1	3	-1	-1	2	7	-1	4	1	2	-1	2	-1	1	2	-1	2	2	1	1	3	1	1	2	-1	2	3	-1	2	1	2	8	3	2	1	5	1	2	2	-1	4	4	-1	9	2
TCGA-AF-4110	-1	-1	2	77	-1	-1	4	-1	-1	1	14	-1	4	1	1	-1	1	-1	1	-1	-1	2	2	1	1	6	1	2	1	-1	2	11	-1	-1	1	1	2	3	-1	1	-1	1	2	-1	-1	5	2	2	6	1
TCGA-AD-6963	2	1	2	58	-1	1	-1	-1	-1	1	13	-1	4	1	1	-1	1	-1	1	-1	-1	2	2	1	-1	3	2	2	2	-1	2	8	-1	2	1	2	7	3	2	1	4	1	-1	2	-1	5	9	2	1	2
TCGA-AD-6965	2	1	2	62	-1	1	3	-1	-1	1	13	-1	4	1	1	-1	1	-1	1	-1	-1	2	1	1	1	6	1	2	2	-1	2	9	-1	2	1	2	2	3	2	1	3	2	3	2	-1	4	10	2	3	1
TCGA-AD-6964	2	1	1	58	-1	1	-1	-1	-1	1	13	-1	4	1	1	-1	1	-1	1	-1	2	1	1	2	1	6	1	2	2	7	2	8	-1	2	1	2	2	2	2	1	4	2	-1	2	-1	-1	9	2	3	1
TCGA-G5-6235	-1	-1	2	72	-1	-1	3	-1	-1	1	8	-1	4	1	2	-1	2	-1	1	2	-1	2	1	1	1	3	2	1	1	-1	2	6	-1	1	1	1	8	2	1	1	-1	2	3	-1	-1	5	11	2	6	2
TCGA-G5-6233	-1	-1	2	74	-1	-1	-1	1	-1	1	12	-1	4	1	2	-1	2	-1	1	1	-1	1	1	2	1	3	1	1	1	-1	2	11	-1	1	1	1	9	2	1	1	-1	2	2	-1	-1	4	2	1	9	1
TCGA-AA-3869	2	1	2	76	-1	1	4	-1	-1	1	12	-1	4	1	2	-1	2	-1	-1	-1	-1	1	-1	2	-1	1	1	1	2	-1	2	9	-1	2	1	2	9	3	2	1	3	2	4	2	-1	3	10	2	3	2
TCGA-G5-6572	-1	-1	2	56	-1	-1	-1	-1	-1	1	9	-1	4	1	-1	-1	2	-1	1	2	-1	1	-1	2	1	-1	2	1	1	-1	2	6	-1	1	1	1	-1	3	1	1	-1	1	-1	-1	-1	-1	11	2	6	2
TCGA-AA-3860	2	1	2	53	-1	1	3	-1	-1	2	12	-1	4	1	2	-1	2	-1	-1	-1	-1	2	2	1	-1	3	1	1	2	-1	2	3	-1	2	1	2	8	2	2	1	5	2	2	2	-1	4	4	2	9	1
TCGA-AA-3861	2	1	2	72	-1	1	2	-1	-1	1	12	-1	4	1	2	-1	2	-1	-1	-1	-1	2	2	1	-1	3	1	1	2	-1	2	9	-1	2	1	2	7	3	2	1	6	2	2	2	-1	4	10	2	3	1
TCGA-AA-3862	2	1	2	82	-1	1	2	-1	-1	1	12	-1	4	1	2	-1	2	-1	-1	-1	-1	2	2	1	-1	3	1	1	2	-1	2	8	-1	2	1	2	7	2	2	1	6	2	2	2	-1	4	9	2	4	-1
TCGA-AA-3864	2	1	2	71	-1	1	2	-1	-1	1	10	-1	4	1	3	-1	2	-1	-1	-1	-1	2	2	1	-1	3	2	1	2	-1	2	9	-1	2	1	2	7	3	2	1	5	-1	2	2	-1	4	10	2	3	2
TCGA-AA-3866	2	1	2	78	-1	1	1	-1	-1	2	7	-1	4	1	3	-1	2	-1	-1	-1	-1	2	2	1	-1	2	2	1	2	-1	2	2	-1	2	1	2	7	3	2	1	3	2	2	2	-1	4	3	2	3	2
TCGA-AA-3867	2	1	2	74	-1	1	4	-1	-1	1	8	-1	4	1	2	-1	2	-1	-1	-1	-1	2	1	1	-1	3	1	1	2	-1	2	3	-1	2	1	2	9	2	2	1	3	2	4	2	-1	3	4	2	9	2
TCGA-AA-3947	2	1	2	60	-1	1	2	-1	-1	2	12	-1	3	1	2	-1	2	-1	-1	-1	-1	2	2	1	-1	1	2	1	3	-1	2	2	-1	2	1	3	7	3	3	1	6	2	2	2	-1	4	3	2	1	2
TCGA-G4-6299	2	1	2	69	-1	1	3	-1	-1	1	10	-1	4	1	2	-1	2	-1	1	2	-1	2	2	1	1	3	1	1	2	-1	2	4	-1	2	1	2	9	3	2	1	2	1	2	2	-1	4	5	2	2	1
TCGA-G4-6298	2	1	2	90	-1	1	3	-1	-1	1	10	-1	4	1	2	-1	2	-1	2	1	-1	1	1	2	1	6	2	1	2	-1	2	9	-1	2	1	2	8	2	2	1	9	2	2	2	-1	5	10	2	3	2
TCGA-AA-3941	2	1	2	84	-1	1	4	-1	-1	2	14	-1	4	1	1	-1	2	-1	-1	-1	-1	2	2	1	-1	1	1	1	2	-1	2	2	-1	2	1	2	4	3	2	1	4	2	2	2	-1	1	3	2	1	2
TCGA-G4-6295	2	1	2	70	-1	1	2	-1	-1	2	9	-1	4	1	2	-1	2	-1	1	2	-1	2	2	1	1	3	2	1	2	-1	2	9	-1	2	1	2	7	3	2	1	8	1	-1	2	-1	4	10	2	3	2
TCGA-G4-6294	2	1	2	75	-1	1	4	-1	-1	1	9	-1	4	1	2	-1	2	-1	1	2	-1	1	1	2	1	3	2	1	2	-1	2	9	-1	2	1	2	8	2	2	1	4	2	2	2	-1	3	10	2	3	2
TCGA-G4-6297	2	1	2	55	-1	1	4	-1	-1	2	10	-1	4	1	2	-1	2	-1	1	1	-1	2	1	1	1	3	1	1	2	-1	2	9	-1	2	1	2	9	3	2	1	4	2	2	2	-1	3	10	2	3	1
TCGA-G4-6293	2	1	2	49	-1	1	3	-1	-1	2	3	-1	4	1	3	-1	2	-1	1	2	-1	2	2	1	1	3	2	1	2	-1	2	1	-1	2	1	2	8	3	2	1	6	1	2	2	-1	4	7	2	4	2
TCGA-AA-3549	2	1	2	69	-1	1	1	-1	-1	1	11	-1	4	1	2	-1	2	-1	-1	-1	-1	2	2	1	-1	2	2	1	2	-1	2	2	-1	2	1	2	7	3	2	1	3	2	2	2	-1	4	3	2	3	2
TCGA-AA-3548	2	1	2	71	-1	1	3	-1	-1	2	11	-1	4	1	2	-1	2	-1	-1	-1	-1	2	2	1	-1	3	1	1	2	-1	2	2	-1	2	1	2	9	3	2	1	3	2	2	2	-1	4	3	2	3	2
TCGA-AA-3543	2	1	2	84	-1	1	1	-1	-1	1	11	-1	3	1	2	-1	2	-1	-1	-1	-1	2	2	1	-1	2	2	1	3	-1	1	8	-1	2	1	3	7	2	3	1	3	2	2	2	-1	4	9	2	3	2
TCGA-AA-3542	2	1	2	69	-1	1	3	-1	-1	1	11	-1	4	1	2	-1	2	-1	-1	-1	-1	2	2	1	-1	3	1	1	2	-1	2	3	-1	2	1	2	9	3	2	1	6	2	2	2	-1	4	4	2	9	2
TCGA-AA-3544	2	1	2	68	-1	1	1	-1	-1	1	11	-1	4	1	2	-1	2	-1	-1	-1	-1	2	2	1	-1	2	2	1	2	-1	2	2	-1	2	1	2	7	3	2	1	4	2	2	2	-1	4	3	2	9	2
TCGA-AF-5654	-1	-1	2	73	-1	-1	1	-1	-1	2	14	-1	4	1	-1	-1	1	-1	1	-1	-1	1	-1	2	1	2	2	2	1	-1	2	6	-1	1	1	1	7	3	1	1	-1	1	2	-1	-1	4	11	2	6	2
TCGA-F5-6811	-1	-1	-1	72	-1	-1	2	-1	-1	2	13	-1	4	1	1	-1	1	-1	1	-1	-1	2	2	1	1	3	2	2	1	5	2	6	-1	1	1	1	7	3	1	1	-1	1	-1	-1	-1	4	11	-1	6	2
TCGA-F5-6810	-1	-1	-1	-1	-1	-1	-1	-1	-1	-1	-1	-1	-1	-1	-1	-1	-1	-1	-1	-1	-1	-1	-1	-1	-1	-1	-1	-1	1	-1	-1	-1	-1	-1	-1	1	-1	-1	-1	-1	-1	-1	-1	-1	-1	-1	-1	-1	-1	-1
TCGA-NH-A5IV	2	1	2	90	2	1	2	-1	2	2	16	2	4	1	1	2	1	-1	2	2	-1	2	2	1	1	3	2	2	2	5	2	1	2	2	1	2	7	3	2	1	-1	1	2	2	-1	5	7	2	4	2
TCGA-AG-A023	-1	-1	2	62	-1	-1	4	-1	-1	2	10	-1	4	1	3	-1	2	-1	-1	-1	-1	1	1	2	-1	1	1	1	1	-1	2	11	-1	1	1	1	9	2	1	1	-1	2	4	-1	-1	3	2	2	8	1
TCGA-AG-3600	-1	-1	2	62	-1	-1	3	-1	-1	1	8	-1	4	1	2	-1	2	-1	-1	-1	-1	2	2	1	-1	3	1	1	1	-1	2	6	-1	1	1	1	9	3	1	1	-1	2	2	-1	-1	4	11	2	8	2
TCGA-AA-3679	2	1	2	59	-1	1	4	-1	-1	1	7	-1	4	1	2	-1	2	-1	-1	-1	-1	2	2	1	-1	3	1	1	2	-1	2	2	-1	2	1	2	9	3	2	1	6	2	4	2	-1	3	3	2	2	2
TCGA-AG-3601	-1	-1	2	68	-1	-1	3	-1	-1	1	8	-1	4	1	2	-1	2	-1	-1	-1	-1	2	2	1	-1	1	1	1	1	-1	2	6	-1	1	1	1	8	3	1	1	-1	2	4	-1	-1	4	11	2	8	2
TCGA-AA-3678	2	1	2	60	-1	1	3	-1	-1	2	7	-1	4	1	3	-1	2	-1	-1	-1	-1	2	2	1	-1	2	1	1	2	-1	2	3	-1	2	1	2	8	3	2	1	3	2	2	2	-1	4	4	2	9	2
TCGA-DC-6160	-1	-1	2	68	-1	-1	1	-1	-1	1	12	-1	4	1	2	-1	2	-1	1	1	-1	2	2	1	1	2	2	1	1	-1	2	6	-1	1	1	1	7	3	1	1	-1	1	2	-1	-1	4	11	2	6	1
TCGA-AG-3605	-1	-1	2	85	-1	-1	4	-1	-1	2	11	-1	4	1	2	-1	2	-1	-1	-1	-1	2	2	1	-1	3	1	1	1	-1	2	6	-1	1	1	1	8	3	1	1	-1	2	4	-1	-1	3	11	2	8	1
TCGA-AG-A015	-1	-1	2	64	-1	-1	1	-1	-1	2	12	-1	4	1	2	-1	2	-1	-1	-1	-1	2	1	1	-1	4	2	1	1	-1	2	11	-1	1	1	1	7	2	1	1	-1	2	2	-1	-1	4	2	2	8	2
TCGA-AD-6890	2	1	2	65	-1	1	-1	-1	-1	1	14	-1	4	1	1	-1	1	-1	1	-1	-1	2	2	1	-1	4	2	2	2	-1	2	8	-1	2	1	2	7	3	2	1	2	1	-1	2	-1	5	9	2	1	2
TCGA-AG-4001	-1	-1	2	74	-1	-1	2	-1	-1	2	12	-1	4	1	2	-1	2	-1	-1	-1	-1	2	2	1	-1	3	2	1	1	-1	2	6	-1	1	1	1	7	3	1	1	-1	2	2	-1	-1	4	11	2	8	2
TCGA-F5-6571	-1	-1	2	62	-1	-1	2	-1	-1	2	13	-1	4	1	1	-1	1	-1	1	2	-1	2	1	1	1	3	2	2	1	5	2	11	-1	1	1	1	7	3	1	1	-1	1	2	-1	-1	4	2	2	8	2
TCGA-AG-4005	-1	-1	2	64	-1	-1	4	-1	-1	1	8	-1	4	1	2	-1	2	-1	-1	-1	-1	2	2	1	-1	3	1	1	1	-1	2	11	-1	1	1	1	9	3	1	1	-1	2	2	-1	-1	3	2	2	8	1
TCGA-AG-4007	-1	-1	2	87	-1	-1	4	-1	-1	1	8	-1	4	1	2	-1	2	-1	-1	-1	-1	2	2	1	-1	1	1	1	1	-1	2	2	-1	1	1	1	9	3	1	1	-1	2	4	-1	-1	3	3	2	8	2
TCGA-AG-4008	-1	-1	2	63	-1	-1	2	-1	-1	1	11	-1	4	1	2	-1	2	-1	-1	-1	-1	2	2	1	-1	3	1	1	1	-1	2	2	-1	1	1	1	7	2	1	1	-1	2	2	-1	-1	4	3	2	8	1
TCGA-AY-5543	2	1	2	65	-1	1	4	-1	-1	2	14	-1	4	1	1	-1	1	-1	2	2	-1	2	2	1	1	3	2	2	2	-1	2	8	-1	2	1	2	6	3	2	1	3	1	2	2	-1	3	9	2	1	2
TCGA-CM-6674	2	1	2	39	-1	1	2	-1	-1	1	13	-1	4	1	1	-1	1	-1	1	2	-1	2	2	1	1	3	2	2	2	-1	2	7	-1	2	1	2	7	3	2	1	6	1	2	2	-1	4	8	2	5	2
TCGA-CM-6675	2	1	2	35	-1	1	4	-1	-1	1	13	-1	4	1	1	-1	1	-1	2	1	-1	2	1	1	1	3	2	2	2	-1	2	9	-1	2	1	2	2	3	2	1	6	1	2	2	-1	2	10	2	3	1
TCGA-A6-2686	2	1	2	81	-1	1	2	-1	-1	2	12	-1	4	1	2	-1	1	-1	1	-1	-1	1	-1	2	1	3	2	2	2	-1	2	2	-1	2	1	2	7	3	2	1	5	1	2	2	-1	4	3	2	3	2
TCGA-AY-A71X	2	1	2	54	2	1	1	-1	2	2	15	2	4	1	1	2	1	-1	2	2	-1	2	2	1	1	2	2	2	2	-1	2	9	2	2	1	2	7	3	2	1	-1	1	2	2	-1	4	10	2	3	2
TCGA-A6-2684	2	1	2	75	-1	1	1	-1	-1	2	12	-1	4	1	-1	-1	1	1	1	-1	-1	2	1	1	1	2	2	2	2	-1	2	2	-1	2	1	2	7	3	2	1	6	1	2	2	1	4	3	2	3	2
TCGA-A6-2685	2	1	2	48	-1	1	2	-1	-1	2	12	-1	4	1	2	-1	1	-1	2	-1	-1	2	1	1	1	3	2	2	2	-1	2	2	-1	2	1	2	7	3	2	1	8	1	2	2	-1	4	3	2	9	2
TCGA-A6-2682	2	1	2	70	-1	1	4	1	-1	1	12	-1	4	1	2	-1	1	-1	1	-1	-1	1	1	2	1	5	1	2	2	-1	2	2	-1	2	1	2	8	2	2	1	5	2	2	2	-1	3	3	1	-1	1
TCGA-A6-2683	2	1	2	57	-1	1	4	1	-1	2	12	-1	4	1	2	-1	1	-1	1	-1	-1	1	1	2	1	1	2	2	2	5	2	8	-1	2	1	2	7	3	2	1	3	2	2	2	-1	3	9	1	1	2
TCGA-A6-2680	2	1	2	72	-1	1	2	-1	-1	2	12	-1	4	1	2	-1	1	-1	2	-1	-1	2	2	1	1	3	2	2	2	-1	2	7	-1	2	1	2	7	3	2	1	5	1	2	2	-1	4	8	2	5	2
TCGA-A6-2681	2	1	2	73	-1	1	2	-1	-1	2	12	-1	4	1	2	-1	1	-1	1	-1	-1	2	1	1	1	3	2	2	2	5	2	2	-1	2	1	2	7	2	2	1	3	1	2	2	-1	4	3	2	3	2
TCGA-G4-6323	2	1	2	50	-1	1	1	-1	-1	1	14	-1	4	1	1	-1	2	-1	2	2	-1	2	2	1	1	7	2	1	2	-1	2	9	-1	2	1	2	7	3	2	1	2	1	2	2	-1	5	10	2	3	2
TCGA-AG-A036	-1	-1	2	71	-1	-1	3	-1	-1	1	3	-1	4	1	3	-1	2	-1	-1	-1	-1	2	2	1	-1	3	-1	1	1	-1	2	11	-1	1	1	1	9	3	1	1	-1	2	2	-1	-1	4	2	2	8	-1
TCGA-AG-A032	-1	-1	2	68	-1	-1	3	-1	-1	1	8	-1	4	1	2	-1	2	-1	-1	-1	-1	2	1	1	-1	3	1	1	1	-1	2	11	-1	1	1	1	8	3	1	1	-1	2	2	-1	-1	4	2	2	8	1
TCGA-AA-3684	2	1	2	65	-1	1	4	-1	-1	2	8	-1	3	1	3	-1	2	-1	-1	-1	-1	2	2	1	-1	1	1	1	3	-1	2	9	-1	2	1	3	9	3	3	1	1	2	4	2	-1	3	10	2	3	2
TCGA-AA-3685	2	1	2	69	-1	1	2	-1	-1	1	8	-1	4	1	3	-1	2	-1	-1	-1	-1	2	2	1	-1	3	1	1	2	-1	2	2	-1	2	1	2	7	3	2	1	6	2	2	2	-1	4	3	2	9	2
TCGA-AA-3680	2	1	2	67	-1	1	4	-1	-1	2	7	-1	4	1	2	-1	2	-1	-1	-1	-1	1	-1	2	-1	1	1	1	2	-1	2	9	-1	2	1	2	9	3	2	1	4	2	4	2	-1	3	10	2	3	2
TCGA-AA-3681	2	1	2	77	-1	1	3	-1	-1	2	7	-1	4	1	3	-1	2	-1	-1	-1	-1	2	2	1	-1	3	2	1	2	-1	2	9	-1	2	1	2	8	3	2	1	3	-1	2	2	-1	4	10	2	3	2
TCGA-AA-3688	2	1	2	80	-1	1	4	-1	-1	1	8	-1	4	1	2	-1	2	-1	-1	-1	-1	2	2	1	-1	3	1	1	2	-1	2	2	-1	2	1	2	8	2	2	1	6	2	4	2	-1	3	3	2	9	2
TCGA-AH-6897	-1	-1	-1	48	-1	-1	1	-1	-1	1	14	-1	4	1	1	-1	2	-1	1	2	-1	2	2	1	1	2	2	1	1	-1	2	6	-1	1	1	1	7	3	1	1	-1	1	2	-1	-1	4	11	-1	6	2
TCGA-F4-6463	2	1	2	51	-1	1	2	-1	-1	1	13	-1	3	1	1	-1	1	-1	1	2	-1	2	2	1	1	3	2	2	3	5	2	1	-1	2	1	3	7	3	3	1	5	1	2	2	-1	4	7	2	4	2
TCGA-CA-6716	2	1	-1	65	-1	1	2	-1	-1	1	14	-1	1	1	2	-1	1	-1	3	-1	-1	2	2	1	1	3	-1	2	2	-1	2	8	-1	2	1	2	7	3	2	2	8	1	1	2	-1	4	9	-1	1	-1
TCGA-F4-6461	2	1	2	41	-1	1	3	-1	-1	2	13	-1	4	1	1	-1	1	-1	1	2	-1	1	1	2	1	5	2	2	2	5	2	2	-1	2	1	2	9	3	2	1	5	1	2	2	-1	4	3	2	5	2
TCGA-F4-6460	2	1	2	51	-1	1	3	-1	-1	2	13	-1	4	1	1	-1	1	-1	1	2	-1	1	1	2	1	3	2	2	2	5	2	3	-1	2	1	2	8	3	2	1	5	-1	2	2	-1	4	4	2	9	2
TCGA-CA-6719	2	1	-1	77	-1	1	2	-1	-1	1	13	-1	4	1	2	-1	1	-1	3	-1	-1	2	1	1	1	3	-1	2	2	-1	2	4	-1	2	1	2	7	3	2	2	5	1	1	2	-1	4	5	-1	2	-1
TCGA-CA-6718	2	1	-1	46	-1	1	2	-1	-1	1	14	-1	4	1	2	-1	1	-1	3	-1	-1	1	1	2	1	3	-1	2	2	-1	2	2	-1	2	1	2	7	3	2	2	5	1	1	2	-1	4	3	-1	1	-1
TCGA-AG-3732	-1	-1	2	78	-1	-1	1	-1	-1	2	10	-1	4	1	3	-1	2	-1	-1	-1	-1	2	2	1	-1	2	1	1	1	-1	2	6	-1	1	1	1	7	3	1	1	-1	2	2	-1	-1	4	11	2	8	2
TCGA-AG-3731	-1	-1	2	65	-1	-1	4	-1	-1	1	9	-1	4	1	3	-1	2	-1	-1	-1	-1	2	2	1	-1	3	-1	1	1	-1	2	11	-1	1	1	1	8	3	1	1	-1	2	4	-1	-1	3	2	2	8	-1
TCGA-AA-3949	2	1	2	87	-1	1	3	-1	-1	2	12	-1	3	1	2	-1	2	-1	-1	-1	-1	2	2	1	-1	3	2	1	3	-1	2	8	-1	2	1	3	8	3	3	1	4	2	2	2	-1	4	9	2	1	2
TCGA-DM-A0XD	2	1	1	65	-1	1	2	1	-1	1	5	-1	4	1	-1	2	2	-1	1	-1	2	1	1	2	1	3	2	1	2	-1	2	9	-1	2	1	2	7	3	2	1	-1	-1	-1	2	-1	4	10	1	-1	2
TCGA-CK-6751	2	1	2	88	-1	1	1	-1	-1	2	3	-1	3	1	3	-1	-1	-1	1	2	-1	2	2	1	1	2	2	-1	3	-1	2	8	-1	2	1	3	7	3	3	-1	3	1	1	2	-1	5	9	2	1	2
TCGA-F5-6864	-1	-1	-1	74	-1	-1	3	-1	-1	2	13	-1	4	1	1	-1	1	-1	1	2	-1	2	2	1	1	3	2	2	1	-1	2	11	-1	1	1	1	3	3	1	1	-1	1	2	-1	-1	4	2	2	8	2
TCGA-A6-6140	2	1	2	62	-1	1	2	-1	-1	1	13	-1	4	1	-1	-1	1	-1	1	-1	-1	2	2	1	1	3	2	2	2	-1	2	4	-1	2	1	2	7	3	2	1	8	1	-1	2	-1	4	5	2	2	2
TCGA-A6-6142	2	1	2	56	-1	1	4	2	-1	2	13	-1	4	1	1	-1	1	-1	1	-1	-1	2	1	1	1	3	1	2	2	-1	2	3	-1	2	1	2	6	3	2	1	5	1	-1	2	-1	1	4	1	9	1
TCGA-F5-6861	-1	-1	2	60	-1	-1	2	-1	-1	2	13	-1	4	1	1	-1	1	-1	1	2	-1	2	2	1	1	3	2	2	1	5	2	11	-1	1	1	1	7	3	1	1	-1	1	2	-1	-1	4	2	2	8	2
TCGA-F5-6863	-1	-1	2	71	-1	-1	3	-1	-1	2	13	-1	4	1	1	-1	1	-1	1	2	-1	1	1	2	1	6	2	2	1	5	2	11	-1	1	1	1	8	3	1	1	-1	-1	2	-1	-1	4	2	2	8	2
TCGA-CM-5864	2	1	2	60	-1	1	1	-1	-1	1	14	-1	4	1	1	-1	1	-1	1	2	-1	2	2	1	1	2	2	2	2	-1	2	9	-1	2	1	2	7	3	2	1	8	1	2	2	-1	4	10	2	3	2
TCGA-G4-6302	2	1	2	90	-1	1	2	-1	-1	2	7	-1	3	1	2	-1	2	-1	1	1	-1	1	-1	2	1	3	1	1	3	-1	2	9	-1	2	1	3	7	3	3	1	5	-1	2	2	-1	4	10	2	3	1
TCGA-G4-6307	2	1	2	37	-1	1	3	-1	-1	2	8	-1	4	1	4	-1	2	-1	1	2	-1	2	2	1	1	3	1	1	2	-1	2	3	-1	2	1	2	8	3	2	1	5	1	2	2	-1	4	4	2	9	1
TCGA-G4-6306	2	1	2	71	-1	1	-1	-1	-1	1	8	-1	4	1	2	-1	2	-1	1	2	-1	2	2	1	1	2	-1	1	2	-1	2	8	-1	2	1	2	7	3	2	1	3	1	2	2	-1	4	9	2	1	-1
TCGA-CM-5862	2	1	1	80	-1	1	4	2	-1	1	14	-1	4	1	1	-1	1	-1	1	2	2	1	1	2	1	3	2	2	2	-1	2	8	-1	2	1	2	6	3	2	1	6	2	2	2	-1	1	9	1	1	1
TCGA-CM-5863	2	1	2	60	-1	1	3	-1	-1	2	14	-1	3	1	1	-1	1	-1	1	1	-1	2	2	1	1	3	2	2	3	-1	2	8	-1	2	1	3	4	3	3	1	5	1	2	2	-1	4	9	2	1	1
TCGA-G4-6309	2	1	2	40	-1	1	3	-1	-1	2	8	-1	4	1	2	-1	2	-1	2	2	-1	2	1	1	1	3	2	1	2	-1	2	3	-1	2	1	2	8	3	2	1	2	1	2	2	-1	4	4	2	9	2
TCGA-CM-5868	2	1	1	59	-1	1	4	2	-1	2	14	-1	4	1	1	-1	1	-1	1	1	2	2	2	1	1	6	1	2	2	-1	2	3	-1	2	1	2	6	3	2	1	3	2	2	2	-1	1	4	1	9	1
TCGA-QG-A5Z1	2	1	2	71	2	1	3	-1	2	1	13	2	4	1	1	1	2	-1	2	1	-1	1	-1	2	1	3	1	1	2	-1	2	6	-1	2	1	2	4	3	2	1	-1	1	2	2	-1	5	11	2	9	1
TCGA-AF-2689	-1	-1	2	41	-1	-1	4	1	-1	2	12	-1	4	1	-1	-1	1	-1	1	-1	-1	1	1	2	1	3	1	2	1	-1	2	6	-1	1	1	1	9	3	1	1	-1	2	2	-1	-1	3	11	1	6	2
TCGA-AF-2687	-1	-1	-1	-1	-1	-1	-1	-1	-1	-1	-1	-1	-1	-1	-1	-1	-1	-1	-1	-1	-1	-1	-1	-1	-1	-1	-1	-1	1	-1	-1	-1	-1	-1	-1	1	-1	-1	-1	-1	-1	-1	-1	-1	-1	-1	-1	-1	-1	-1
TCGA-NH-A8F7	2	1	2	53	1	1	2	2	2	2	15	2	4	1	1	2	1	-1	2	2	-1	2	2	1	1	3	2	2	2	5	2	3	1	2	1	2	7	1	2	1	-1	2	2	2	-1	5	4	1	9	2
TCGA-AG-3608	-1	-1	2	79	-1	-1	2	-1	-1	2	11	-1	4	1	2	-1	2	-1	-1	-1	-1	2	2	1	-1	3	2	1	1	-1	2	11	-1	1	1	1	7	3	1	1	-1	2	2	-1	-1	4	2	2	8	2
TCGA-AG-3609	-1	-1	2	65	-1	-1	3	-1	-1	2	11	-1	4	1	2	-1	2	-1	-1	-1	-1	2	2	1	-1	3	1	1	1	-1	2	6	-1	1	1	1	9	3	1	1	-1	2	2	-1	-1	4	11	2	8	2
TCGA-EI-6513	-1	-1	2	59	-1	-1	3	-1	-1	1	14	-1	5	1	1	-1	1	-1	1	2	-1	2	2	1	1	3	2	2	1	5	2	11	-1	1	1	1	8	3	1	1	-1	1	2	-1	-1	4	2	2	6	2
TCGA-EI-6512	-1	-1	2	64	-1	-1	3	-1	-1	2	14	-1	5	1	1	-1	1	-1	1	2	-1	2	2	1	1	3	2	2	1	2	2	11	-1	1	1	1	8	3	1	1	-1	1	2	-1	-1	4	2	2	6	2
TCGA-EI-6511	-1	-1	2	52	-1	-1	3	-1	-1	1	14	-1	5	1	1	-1	1	-1	1	1	-1	2	2	1	1	3	1	2	1	-1	2	11	-1	1	1	1	8	3	1	1	-1	1	2	-1	-1	4	2	2	8	2
TCGA-F5-6812	-1	-1	2	67	-1	-1	2	-1	-1	1	13	-1	4	1	1	-1	1	-1	1	2	-1	2	2	1	1	3	2	2	1	5	2	12	-1	1	1	1	7	3	1	1	-1	1	2	-1	-1	4	12	2	8	2
TCGA-F5-6814	-1	-1	2	57	-1	-1	2	-1	-1	1	13	-1	4	1	1	-1	1	-1	1	2	-1	2	2	1	1	3	2	2	1	5	2	11	-1	1	1	1	7	3	1	1	-1	1	2	-1	-1	4	2	2	8	2
TCGA-NH-A8F8	2	1	2	79	1	1	4	1	2	1	15	2	4	1	1	2	1	-1	2	2	-1	1	-1	2	1	6	1	2	2	-1	2	8	-1	2	1	2	2	3	2	1	-1	-1	2	2	-1	3	9	1	1	1
TCGA-EI-6514	-1	-1	2	59	-1	-1	2	-1	-1	2	14	-1	5	1	1	-1	1	-1	1	2	-1	2	2	1	1	3	2	2	1	5	2	11	-1	1	1	1	7	3	1	1	-1	1	2	-1	-1	4	2	2	9	2
TCGA-A6-5666	2	1	2	78	-1	1	2	-1	-1	1	14	-1	4	1	-1	-1	1	-1	1	-1	-1	2	1	1	1	5	2	2	2	-1	2	2	-1	2	1	2	7	3	2	1	8	1	-1	2	-1	4	3	2	9	2
TCGA-AU-6004	2	1	2	69	-1	1	1	-1	-1	2	14	-1	4	1	1	-1	1	-1	1	2	-1	2	2	1	1	2	2	2	2	5	2	9	-1	2	1	2	7	3	2	1	3	1	2	2	-1	4	10	2	3	2
TCGA-D5-5537	2	1	2	83	-1	1	-1	-1	-1	1	14	-1	4	1	1	-1	1	-1	1	2	-1	1	1	2	1	3	2	2	2	-1	2	2	-1	2	1	2	9	3	2	1	3	1	1	2	-1	5	3	2	1	2
TCGA-A6-4107	2	1	2	57	-1	1	3	-1	-1	2	14	-1	4	1	1	-1	1	-1	1	-1	-1	2	2	1	1	3	1	2	2	-1	2	8	-1	2	1	2	4	3	2	1	3	1	2	2	-1	4	9	2	1	2
TCGA-A6-4105	2	1	2	79	-1	1	2	-1	-1	1	14	-1	4	1	1	-1	1	-1	1	-1	-1	1	1	2	1	3	2	2	2	-1	2	8	-1	2	1	2	7	2	2	1	8	1	-1	2	-1	4	9	2	1	2
TCGA-AD-6899	2	1	-1	84	-1	1	3	-1	-1	1	13	-1	3	1	1	-1	1	-1	1	-1	-1	1	-1	2	-1	6	1	2	3	-1	2	2	-1	2	1	3	2	3	3	1	6	1	-1	2	-1	5	3	2	3	1
TCGA-AY-6386	2	1	2	66	-1	1	3	-1	-1	2	14	-1	4	1	1	-1	1	-1	2	2	-1	2	2	1	1	3	2	2	2	-1	2	9	-1	2	1	2	6	3	2	1	3	1	2	2	-1	4	10	2	3	2
TCGA-D5-5538	2	1	2	60	-1	1	3	-1	-1	2	14	-1	4	1	-1	-1	1	-1	1	2	-1	1	1	2	1	3	2	2	2	-1	2	9	-1	2	1	2	4	3	2	1	3	1	2	2	-1	4	10	2	3	2
TCGA-A6-6138	2	1	2	61	-1	1	1	-1	-1	1	14	-1	4	1	-1	-1	1	-1	1	-1	-1	2	2	1	1	2	2	2	2	-1	2	9	-1	2	1	2	7	3	2	1	6	1	-1	2	-1	4	10	2	3	2
TCGA-A6-6137	2	1	2	55	-1	1	3	-1	-1	1	14	-1	4	1	-1	-1	1	-1	1	-1	-1	2	2	1	1	3	2	2	2	-1	2	8	-1	2	1	2	5	3	2	1	7	1	-1	2	-1	4	9	2	5	2
TCGA-D5-6541	2	1	2	49	-1	1	2	-1	-1	1	14	-1	4	1	-1	-1	1	-1	1	2	-1	2	2	1	1	3	2	2	2	5	2	5	-1	2	1	2	7	3	2	1	6	1	2	2	-1	4	6	2	7	2
TCGA-D5-6540	2	1	-1	66	-1	1	1	-1	-1	1	14	-1	3	1	-1	-1	1	-1	1	2	-1	2	2	1	1	2	2	2	3	5	2	9	-1	2	1	3	7	3	3	1	8	1	2	2	-1	4	10	2	3	2
TCGA-RU-A8FL	2	1	2	51	1	1	3	2	2	1	13	1	4	1	1	1	2	-1	2	-1	-1	2	1	1	1	3	-1	1	2	-1	2	9	1	2	1	2	3	3	2	1	-1	2	2	2	-1	5	10	1	3	-1
TCGA-G4-6625	2	1	2	77	-1	1	2	-1	-1	2	9	-1	4	1	3	-1	2	-1	1	2	-1	2	1	1	1	3	2	1	2	-1	2	3	-1	2	1	2	7	2	2	1	6	2	2	2	-1	4	4	2	9	2
TCGA-G4-6626	2	1	-1	90	-1	1	2	-1	-1	1	7	-1	4	1	2	-1	2	-1	1	2	-1	1	-1	2	1	3	2	1	2	-1	2	8	-1	2	1	2	7	3	2	1	8	-1	2	2	-1	4	9	2	1	2
TCGA-G4-6627	2	1	2	84	-1	1	2	-1	-1	1	8	-1	4	1	2	-1	2	-1	1	2	-1	2	1	1	1	3	2	1	2	-1	2	8	-1	2	1	2	7	3	2	1	3	-1	2	2	-1	4	9	2	1	2
TCGA-G4-6628	2	1	2	78	-1	1	1	-1	-1	1	7	-1	4	1	2	-1	2	-1	1	2	-1	2	2	1	1	2	2	1	2	-1	2	9	-1	2	1	2	7	2	2	1	5	-1	2	2	-1	4	10	2	3	2
TCGA-AD-A5EK	2	1	2	51	-1	1	1	-1	-1	1	16	2	4	1	1	2	1	-1	2	2	-1	2	2	1	1	2	-1	2	2	-1	2	8	-1	2	1	2	7	3	2	1	-1	1	2	2	-1	5	9	2	1	2
TCGA-AD-A5EJ	2	1	-1	74	-1	1	2	-1	-1	2	16	2	4	1	1	2	1	-1	2	2	-1	2	2	1	1	3	2	2	2	-1	2	9	-1	2	1	2	7	3	2	1	-1	1	2	2	-1	5	10	-1	3	2
TCGA-AA-3837	2	1	2	67	-1	1	2	-1	-1	1	11	-1	3	1	2	-1	2	-1	-1	-1	-1	2	2	1	-1	3	1	1	3	-1	2	2	-1	2	1	3	7	3	3	1	3	2	2	2	-1	4	3	2	5	-1
TCGA-AA-3833	2	1	2	63	-1	1	2	-1	-1	2	11	-1	4	1	2	-1	2	-1	-1	-1	-1	2	2	1	-1	3	1	1	2	-1	2	2	-1	2	1	2	7	3	2	1	3	2	2	2	-1	4	3	2	1	1
TCGA-AA-3831	2	1	2	66	-1	1	2	-1	-1	1	11	-1	4	1	2	-1	2	-1	-1	-1	-1	2	2	1	-1	3	1	1	2	-1	2	2	-1	2	1	2	7	3	2	1	6	2	2	2	-1	4	3	2	9	1
TCGA-AA-A02J	2	1	2	70	-1	1	4	-1	-1	2	11	-1	4	1	2	2	2	-1	-1	-1	-1	1	-1	2	-1	3	1	1	2	-1	2	3	-1	2	1	2	7	3	2	1	-1	2	4	2	-1	3	4	2	9	1
TCGA-AA-A02K	2	1	2	50	-1	1	4	-1	-1	1	12	-1	4	1	2	2	2	-1	-1	-1	-1	1	1	2	-1	1	1	1	2	-1	2	8	-1	2	1	2	9	3	2	1	-1	2	4	2	-1	3	9	2	1	1
TCGA-AA-A02H	2	1	2	74	-1	1	4	-1	-1	2	8	-1	4	1	2	2	2	-1	-1	-1	-1	1	-1	2	-1	3	1	1	2	-1	2	3	-1	2	1	2	9	3	2	1	-1	2	4	2	-1	3	4	2	9	1
TCGA-AZ-6605	2	1	-1	77	-1	1	3	-1	-1	1	11	-1	4	1	2	-1	2	-1	1	2	-1	1	-1	2	1	1	1	1	2	-1	2	8	-1	2	1	2	8	3	2	1	4	1	-1	2	-1	4	9	-1	1	1
TCGA-AZ-6603	2	1	-1	77	-1	1	-1	-1	-1	2	3	-1	4	1	3	-1	2	-1	1	2	-1	1	-1	2	1	2	2	1	2	-1	2	3	-1	2	1	2	8	3	2	1	5	1	-1	2	-1	5	4	-1	9	2
TCGA-AZ-6600	2	1	-1	64	-1	1	4	-1	-1	1	6	-1	4	1	3	-1	2	-1	2	1	-1	1	-1	2	1	1	1	1	2	-1	2	8	-1	2	1	2	8	3	2	1	6	2	-1	2	-1	3	9	-1	5	1
TCGA-AZ-6601	2	1	-1	68	-1	1	2	-1	-1	1	6	-1	4	1	3	-1	2	-1	1	1	-1	1	1	2	1	3	1	1	2	-1	2	3	-1	2	1	2	7	2	2	1	8	2	-1	2	-1	4	4	-1	9	1
TCGA-AA-A02F	2	1	2	68	-1	1	4	-1	-1	2	8	-1	8	1	2	2	2	-1	-1	-1	-1	2	2	1	-1	3	1	1	2	-1	2	3	-1	2	1	2	8	3	2	1	-1	2	4	2	-1	3	4	2	9	1
TCGA-AZ-6608	2	1	-1	55	-1	1	3	-1	-1	2	12	-1	4	1	2	-1	2	-1	1	2	-1	1	-1	2	1	2	1	1	2	-1	2	3	-1	2	1	2	8	2	2	1	2	-1	-1	2	-1	4	4	-1	9	1
TCGA-AA-A02E	2	1	2	82	-1	1	4	-1	-1	2	8	-1	4	1	2	2	2	-1	-1	-1	-1	1	-1	2	-1	3	1	1	2	-1	2	9	-1	2	1	2	8	3	2	1	-1	2	4	2	-1	3	10	2	3	1
TCGA-AA-3532	2	1	2	63	-1	1	2	-1	-1	1	8	-1	4	1	2	-1	2	-1	-1	-1	-1	2	2	1	-1	3	2	1	2	-1	2	2	-1	2	1	2	7	3	2	1	3	2	2	2	-1	4	3	2	9	2
TCGA-AA-3530	2	1	2	80	-1	1	1	-1	-1	1	8	-1	4	1	2	-1	2	-1	-1	-1	-1	2	2	1	-1	2	2	1	2	-1	2	8	-1	2	1	2	7	2	2	1	6	2	2	2	-1	4	9	2	3	2
TCGA-AA-A02Y	2	1	2	73	-1	1	1	-1	-1	1	8	-1	4	1	2	2	2	-1	-1	-1	-1	2	2	1	-1	2	1	1	2	-1	2	9	-1	2	1	2	7	3	2	1	-1	-1	2	2	-1	4	10	2	3	1
TCGA-AG-3909	-1	-1	2	69	-1	-1	3	-1	-1	2	11	-1	4	1	2	-1	2	-1	-1	-1	-1	2	2	1	-1	3	1	1	1	-1	2	6	-1	1	1	1	8	3	1	1	-1	2	2	-1	-1	4	11	2	8	2
TCGA-AA-3534	2	1	2	78	-1	1	2	-1	-1	2	8	-1	4	1	2	-1	2	-1	-1	-1	-1	2	2	1	-1	3	1	1	2	-1	2	8	-1	2	1	2	7	3	2	1	5	2	2	2	-1	4	9	2	1	2
TCGA-AA-A02R	2	1	2	84	-1	1	2	-1	-1	2	7	-1	4	1	2	2	2	-1	-1	-1	-1	1	-1	2	-1	3	1	1	2	-1	2	9	-1	2	1	2	7	3	2	1	-1	2	2	2	-1	4	10	2	3	1
TCGA-AA-3538	2	1	2	54	-1	1	1	-1	-1	2	11	-1	4	1	2	-1	2	-1	-1	-1	-1	2	2	1	-1	2	2	1	2	-1	2	3	-1	2	1	2	7	3	2	1	3	2	2	2	-1	4	4	2	2	2
TCGA-AG-3901	-1	-1	2	67	-1	-1	3	-1	-1	2	8	-1	3	1	2	-1	2	-1	-1	-1	-1	2	2	1	-1	3	1	1	1	-1	2	6	-1	1	1	1	8	3	4	1	-1	2	2	-1	-1	4	11	2	8	2
TCGA-AA-A02W	2	1	2	73	-1	1	1	-1	-1	2	7	-1	4	1	3	2	2	-1	-1	-1	-1	2	1	1	-1	2	-1	1	2	-1	2	3	-1	2	1	2	7	3	2	1	-1	-1	2	2	-1	4	4	2	9	-1
TCGA-AG-3902	-1	-1	2	61	-1	-1	2	-1	-1	1	8	-1	4	1	2	-1	2	-1	-1	-1	-1	2	2	1	-1	3	2	1	1	-1	2	6	-1	1	1	1	7	3	1	1	-1	2	2	-1	-1	4	11	2	8	2
TCGA-AU-3779	2	1	2	80	-1	1	2	-1	-1	2	14	-1	4	1	1	-1	1	-1	1	2	-1	2	2	1	1	3	2	2	2	5	2	3	-1	2	1	2	7	3	2	1	2	1	2	2	-1	4	4	2	6	2
TCGA-D5-6534	2	1	2	62	-1	1	2	-1	-1	2	14	-1	3	1	1	-1	1	-1	1	1	-1	2	2	1	1	3	2	2	3	-1	2	2	-1	2	1	3	7	3	3	1	8	1	2	2	-1	4	3	2	1	2
TCGA-D5-6535	2	1	2	80	-1	1	3	-1	-1	2	14	-1	4	1	1	-1	1	-1	1	1	-1	2	2	1	1	3	1	2	2	-1	2	2	-1	2	1	2	8	3	2	1	5	1	1	2	-1	5	3	2	1	2
TCGA-D5-6536	2	1	2	73	-1	1	2	-1	-1	1	14	-1	4	1	1	-1	1	-1	1	1	-1	2	1	1	1	3	2	2	2	-1	2	2	-1	2	1	2	7	3	2	1	6	2	2	2	-1	4	3	2	9	2
TCGA-D5-6537	2	1	2	64	-1	1	3	-1	-1	1	14	-1	4	1	1	-1	1	-1	1	1	-1	1	1	2	1	3	1	2	2	-1	2	1	-1	2	1	2	6	3	2	1	1	1	2	2	-1	5	7	2	4	2
TCGA-D5-6530	2	1	2	53	-1	1	1	-1	-1	1	14	-1	4	1	1	-1	1	-1	1	1	-1	2	2	1	1	2	2	2	2	-1	2	9	-1	2	1	2	7	3	2	1	8	1	2	2	-1	4	10	2	-1	2
TCGA-D5-6531	2	1	-1	75	-1	1	2	-1	-1	1	14	-1	4	1	-1	-1	1	-1	1	2	-1	2	2	1	1	3	2	2	2	5	2	7	-1	2	1	2	7	3	2	1	5	1	2	2	-1	4	8	2	5	2
TCGA-D5-6532	2	1	-1	61	-1	1	2	-1	-1	1	14	-1	4	1	-1	-1	1	-1	1	2	-1	2	2	1	1	3	2	2	2	5	2	3	-1	2	1	2	7	3	2	1	5	1	2	2	-1	4	4	2	9	2
TCGA-D5-6533	2	1	2	68	-1	1	-1	-1	-1	2	14	-1	4	1	1	-1	1	-1	1	1	-1	2	2	1	1	5	2	2	2	-1	2	1	-1	2	1	2	7	3	2	1	3	1	2	2	-1	4	7	2	4	2
TCGA-DC-6154	-1	-1	2	57	-1	-1	4	-1	-1	2	14	-1	4	1	1	-1	1	-1	1	1	-1	2	2	1	1	6	1	2	1	-1	2	6	-1	1	1	1	2	3	1	1	-1	1	2	-1	-1	3	11	2	6	1
TCGA-DC-6155	-1	-1	2	31	-1	-1	3	-1	-1	2	14	-1	4	1	1	-1	1	-1	1	2	-1	2	2	1	1	2	2	2	1	-1	2	6	-1	1	1	1	4	3	1	1	-1	1	2	-1	-1	4	11	2	6	1
TCGA-DC-6156	-1	-1	2	62	-1	-1	4	2	-1	1	14	-1	4	1	1	-1	1	-1	1	1	-1	2	1	1	1	6	1	2	1	-1	2	6	-1	1	1	1	2	3	1	1	-1	-1	2	-1	-1	1	11	1	6	1
TCGA-DC-6157	-1	-1	2	48	-1	-1	1	-1	-1	1	12	-1	4	1	2	-1	2	-1	2	2	-1	2	2	1	1	2	2	1	1	-1	2	6	-1	1	1	1	7	3	1	1	-1	1	2	-1	-1	4	11	2	6	2
TCGA-DM-A1D0	2	1	1	79	-1	1	2	1	-1	2	6	-1	4	1	-1	2	2	-1	1	-1	2	2	2	1	1	3	2	1	2	-1	2	3	-1	2	1	2	7	3	2	1	-1	-1	-1	2	-1	4	4	1	9	2
TCGA-DM-A1D4	2	1	1	80	-1	1	2	-1	-1	1	1	-1	4	1	-1	2	2	-1	1	-1	2	1	1	2	1	3	2	1	2	-1	2	9	-1	2	1	2	7	3	2	1	-1	-1	-1	2	-1	4	10	2	3	2
TCGA-DM-A1D6	2	1	1	88	-1	1	2	1	-1	1	5	-1	3	1	-1	2	2	-1	1	-1	2	1	-1	2	1	3	2	1	3	-1	2	5	-1	2	1	3	7	3	3	1	-1	-1	-1	2	-1	4	6	1	7	2
TCGA-DM-A1D7	2	1	1	82	-1	1	2	2	-1	1	5	-1	3	1	-1	2	2	-1	1	-1	2	-1	1	2	1	3	2	1	3	-1	2	3	-1	2	1	3	7	3	-1	1	-1	-1	-1	2	-1	4	4	1	9	2
TCGA-DY-A1H8	-1	-1	2	77	-1	-1	3	1	-1	2	5	-1	4	1	-1	-1	2	-1	1	-1	-1	1	-1	2	1	2	-1	1	1	-1	2	11	-1	1	1	1	8	3	1	1	-1	-1	-1	-1	-1	4	2	1	8	-1
TCGA-DM-A1D9	2	1	2	67	-1	1	2	-1	-1	2	5	-1	4	1	-1	2	2	-1	1	-1	-1	2	2	1	1	3	2	1	2	-1	2	9	-1	2	1	2	7	3	2	1	-1	-1	-1	2	-1	4	10	2	3	2
TCGA-AF-6136	-1	-1	-1	72	-1	-1	3	-1	-1	2	13	-1	4	1	1	-1	1	-1	1	-1	-1	2	1	1	1	3	1	2	1	-1	2	6	-1	1	1	1	4	3	1	1	-1	2	-1	-1	-1	5	11	-1	6	1
TCGA-AZ-5407	2	1	-1	51	-1	1	1	-1	-1	2	8	-1	4	1	2	-1	2	-1	1	-1	-1	2	2	1	1	4	2	1	2	-1	2	9	-1	2	1	2	7	3	2	1	3	1	-1	2	-1	4	10	-1	3	2
TCGA-AA-3522	2	1	2	67	-1	1	2	-1	-1	1	8	-1	4	1	2	-1	2	-1	-1	-1	-1	2	2	1	-1	3	1	1	2	-1	2	8	-1	2	1	2	7	2	2	1	3	2	2	2	-1	4	9	2	1	2
TCGA-BM-6198	-1	-1	2	73	-1	-1	3	-1	-1	1	14	-1	4	1	-1	-1	1	-1	1	2	-1	2	2	1	1	3	2	2	1	-1	2	11	-1	1	1	1	8	2	1	1	-1	-1	2	-1	-1	-1	2	2	8	2
TCGA-AA-A029	2	1	2	67	-1	1	2	-1	-1	1	7	-1	4	1	3	2	2	-1	-1	-1	-1	2	2	1	-1	3	-1	1	2	-1	2	9	-1	2	1	2	7	3	2	1	-1	2	2	2	-1	4	10	2	3	-1
TCGA-AG-3581	-1	-1	2	63	-1	-1	1	-1	-1	1	8	-1	4	1	2	-1	2	-1	-1	-1	-1	2	2	1	-1	2	2	1	1	-1	2	6	-1	1	1	1	7	3	1	1	-1	2	2	-1	-1	4	11	2	8	2
TCGA-AG-3580	-1	-1	2	67	-1	-1	1	-1	-1	1	8	-1	4	1	3	-1	2	-1	-1	-1	-1	2	2	1	-1	4	2	1	1	-1	2	6	-1	1	1	1	7	2	1	1	-1	2	2	-1	-1	4	11	2	8	2
TCGA-AG-3583	-1	-1	2	66	-1	-1	4	-1	-1	1	11	-1	4	1	2	-1	2	-1	-1	-1	-1	1	-1	2	-1	3	1	1	1	-1	2	6	-1	1	1	1	9	3	4	1	-1	2	4	-1	-1	3	11	2	8	2
TCGA-AG-3582	-1	-1	2	75	-1	-1	4	-1	-1	1	8	-1	4	1	2	-1	2	-1	-1	-1	-1	1	-1	2	-1	3	2	1	1	-1	2	2	-1	1	1	1	8	3	1	1	-1	2	4	-1	-1	3	3	2	8	2
TCGA-AG-3584	-1	-1	2	60	-1	-1	4	-1	-1	1	11	-1	4	1	2	-1	2	-1	-1	-1	-1	1	-1	2	-1	3	1	1	1	-1	2	11	-1	1	1	1	9	3	1	1	-1	2	4	-1	-1	3	2	2	8	1
TCGA-AA-A024	2	1	2	81	-1	1	2	-1	-1	1	10	-1	4	1	3	2	2	-1	-1	-1	-1	1	-1	2	-1	3	-1	1	3	-1	2	4	-1	2	1	3	7	2	3	1	-1	-1	2	2	-1	4	5	2	2	-1
TCGA-AG-3586	-1	-1	2	72	-1	-1	3	-1	-1	2	7	-1	3	1	3	-1	2	-1	-1	-1	-1	2	2	1	-1	3	1	1	1	-1	2	6	-1	1	1	1	9	3	-1	1	-1	2	2	-1	-1	4	11	2	8	2
TCGA-AZ-6606	2	1	-1	81	-1	1	4	-1	-1	1	12	-1	4	1	2	-1	2	-1	1	1	-1	1	-1	2	1	1	1	1	2	-1	2	9	-1	2	1	2	9	3	2	1	3	2	-1	2	-1	3	10	-1	3	1
TCGA-QG-A5YX	2	1	2	61	1	1	2	-1	2	2	13	2	4	1	1	1	2	-1	2	2	-1	2	2	1	1	3	2	1	2	-1	2	3	2	2	1	2	7	3	2	1	-1	1	2	2	-1	5	4	2	9	1
TCGA-AZ-6607	2	1	-1	69	-1	1	4	-1	-1	1	12	-1	4	1	2	-1	2	-1	1	1	-1	1	-1	2	1	1	1	1	2	-1	2	3	-1	2	1	2	9	3	2	2	5	2	-1	2	-1	3	4	-1	9	1
TCGA-G5-6641	-1	-1	2	67	-1	-1	3	-1	-1	1	12	-1	3	1	2	-1	2	-1	1	2	-1	2	2	1	1	4	2	1	1	-1	2	6	-1	1	1	1	8	2	4	1	-1	1	2	-1	-1	5	11	2	6	2
TCGA-QG-A5YV	2	1	2	64	1	1	3	-1	2	2	13	2	4	1	1	1	2	-1	2	2	-1	2	2	1	1	5	2	1	2	-1	2	3	2	2	1	2	6	3	2	1	-1	1	2	2	-1	5	4	2	9	2
TCGA-QG-A5YW	2	1	2	55	1	1	3	-1	2	2	13	2	4	1	1	1	2	-1	2	2	-1	2	2	1	1	3	2	1	3	-1	2	9	2	2	1	3	2	3	3	1	-1	1	2	2	-1	5	10	2	3	2
TCGA-AA-A02O	2	1	2	82	-1	1	2	-1	-1	1	10	-1	4	1	2	2	2	-1	-1	-1	-1	2	2	1	-1	3	1	1	2	-1	2	1	-1	2	1	2	7	3	2	1	-1	2	2	2	-1	4	7	2	4	2
TCGA-AA-3655	2	1	2	68	-1	1	2	-1	-1	1	10	-1	4	1	3	-1	2	-1	-1	-1	-1	2	2	1	-1	3	2	1	2	-1	2	3	-1	2	1	2	7	3	2	1	3	2	2	2	-1	4	4	2	9	2
TCGA-AA-3712	2	1	2	65	-1	1	3	-1	-1	1	9	-1	4	1	3	-1	2	-1	-1	-1	-1	2	2	1	-1	3	1	1	2	-1	2	4	-1	2	1	2	9	3	2	1	8	2	2	2	-1	4	5	2	2	1
TCGA-AA-3713	2	1	-1	68	-1	1	4	-1	-1	1	10	-1	4	1	3	-1	2	-1	-1	-1	-1	2	2	1	-1	3	-1	1	2	-1	2	2	-1	2	1	2	7	2	2	1	8	2	4	2	-1	3	3	2	1	-1
TCGA-AA-3710	2	1	2	80	-1	1	2	-1	-1	2	11	-1	4	1	2	-1	2	-1	-1	-1	-1	2	2	1	-1	3	1	1	2	-1	2	8	-1	2	1	2	7	3	2	1	6	2	2	2	-1	4	9	2	5	-1
TCGA-CM-5861	2	1	-1	63	-1	1	2	-1	-1	2	14	-1	4	1	1	-1	1	-1	1	1	-1	2	1	1	1	3	2	2	2	-1	2	9	-1	2	1	2	7	3	2	1	5	-1	2	2	-1	4	10	2	3	2
TCGA-AA-3715	2	1	2	77	-1	1	2	-1	-1	1	7	-1	7	1	3	-1	2	-1	-1	-1	-1	1	1	2	-1	3	1	1	2	-1	2	8	-1	2	1	2	7	2	2	1	5	2	2	2	-1	4	9	2	1	-1
TCGA-G4-6321	2	1	2	60	-1	1	3	-1	-1	2	12	-1	4	1	2	-1	2	-1	1	2	-1	2	2	1	1	2	2	1	2	-1	2	9	-1	2	1	2	8	2	2	1	6	1	2	2	-1	5	10	2	3	2
TCGA-CM-6161	2	1	2	36	-1	1	1	-1	-1	2	14	-1	4	1	1	-1	1	-1	1	2	-1	2	2	1	1	2	2	2	2	-1	2	3	-1	2	1	2	7	3	2	1	1	1	2	2	-1	4	4	2	9	2
TCGA-AG-3885	-1	-1	2	71	-1	-1	3	-1	-1	2	11	-1	4	1	2	-1	2	-1	-1	-1	-1	2	2	1	-1	3	1	1	1	-1	2	11	-1	1	1	1	8	3	1	1	-1	2	2	-1	-1	4	2	2	8	1
TCGA-AG-3887	-1	-1	2	68	-1	-1	2	-1	-1	1	12	-1	3	1	2	-1	2	-1	-1	-1	-1	2	1	1	-1	3	1	1	1	-1	2	11	-1	1	1	1	7	3	4	1	-1	2	2	-1	-1	4	2	2	8	1
TCGA-AG-3881	-1	-1	2	83	-1	-1	2	-1	-1	2	11	-1	3	1	2	-1	2	-1	-1	-1	-1	2	2	1	-1	3	1	1	1	-1	2	10	-1	1	1	1	7	3	-1	1	-1	2	-1	-1	-1	4	1	2	8	1
TCGA-AG-3882	-1	-1	2	66	-1	-1	1	-1	-1	2	11	-1	4	1	2	-1	2	-1	-1	-1	-1	2	2	1	-1	2	1	1	1	-1	2	2	-1	1	1	1	7	3	1	1	-1	2	2	-1	-1	4	3	2	8	1
TCGA-AG-3883	-1	-1	2	69	-1	-1	1	-1	-1	1	11	-1	4	1	2	-1	2	-1	-1	-1	-1	2	2	1	-1	2	1	1	1	-1	2	11	-1	1	1	1	7	3	1	1	-1	2	2	-1	-1	4	2	2	8	1
TCGA-CM-6163	2	1	2	74	-1	1	1	-1	-1	1	14	-1	4	1	1	-1	1	-1	1	1	-1	2	2	1	1	4	2	2	2	-1	2	3	-1	2	1	2	7	3	2	1	4	1	2	2	-1	4	4	2	9	1
TCGA-G4-6588	2	1	2	58	-1	1	2	-1	-1	2	12	-1	4	1	2	-1	2	-1	1	2	-1	2	2	1	1	3	2	1	2	-1	2	9	-1	2	1	2	7	2	2	2	5	1	2	2	-1	4	10	2	3	2
TCGA-G4-6586	2	1	2	73	-1	1	2	-1	-1	2	11	-1	4	1	2	-1	2	-1	1	2	-1	2	2	1	1	3	1	1	2	-1	2	8	-1	2	1	2	7	2	2	1	3	1	2	2	-1	4	9	2	1	1
TCGA-AA-3855	2	1	2	72	-1	1	1	-1	-1	1	12	-1	4	1	2	-1	2	-1	-1	-1	-1	2	2	1	-1	2	1	1	2	-1	2	2	-1	2	1	2	7	3	2	1	6	2	2	2	-1	4	3	2	9	1
TCGA-AA-3872	2	1	2	45	-1	1	4	-1	-1	1	12	-1	4	1	2	-1	2	-1	-1	-1	-1	2	2	1	-1	1	1	1	2	-1	2	2	-1	2	1	2	9	3	2	1	3	2	4	2	-1	3	3	2	9	1
TCGA-AA-3870	2	1	2	71	-1	1	4	-1	-1	2	12	-1	4	1	2	-1	2	-1	-1	-1	-1	2	2	1	-1	3	1	1	2	-1	2	8	-1	2	1	2	9	2	2	1	3	2	2	2	-1	3	9	2	1	2
TCGA-AA-3877	2	1	2	83	-1	1	1	-1	-1	2	8	-1	3	1	2	-1	2	-1	-1	-1	-1	2	2	1	-1	4	2	1	3	-1	2	1	-1	2	1	3	7	3	3	1	3	2	2	2	-1	4	7	2	4	2
TCGA-AA-3875	2	1	2	78	-1	1	1	-1	-1	2	8	-1	4	1	2	-1	2	-1	-1	-1	-1	2	2	1	-1	4	2	1	2	-1	2	8	-1	2	1	2	7	3	2	1	5	2	2	2	-1	4	9	2	1	2
TCGA-AA-3972	2	1	2	72	-1	1	4	-1	-1	1	11	-1	4	1	2	-1	2	-1	-1	-1	-1	2	1	1	-1	3	2	1	2	-1	2	3	-1	2	1	2	8	2	2	1	8	2	4	2	-1	3	4	2	9	2
TCGA-AA-3973	2	1	2	69	-1	1	4	-1	-1	1	8	-1	4	1	3	-1	2	-1	-1	-1	-1	2	2	1	-1	1	1	1	2	-1	2	2	-1	2	1	2	8	3	2	1	3	2	4	2	-1	3	3	2	9	1
TCGA-CL-4957	-1	-1	-1	79	-1	-1	-1	-1	-1	2	11	-1	4	1	-1	-1	-1	-1	-1	-1	-1	1	-1	2	2	3	-1	-1	1	5	2	11	-1	1	1	1	8	3	1	1	-1	-1	-1	-1	-1	4	2	-1	-1	-1
TCGA-AA-3976	2	1	2	70	-1	1	3	-1	-1	1	12	-1	4	1	2	-1	2	-1	-1	-1	-1	2	2	1	-1	2	-1	1	2	-1	2	6	-1	2	1	2	8	2	2	1	3	2	2	2	-1	4	11	2	9	2
TCGA-AA-3977	2	1	2	65	-1	1	-1	-1	-1	1	12	-1	4	1	2	-1	2	-1	-1	-1	-1	2	2	1	-1	2	2	1	2	-1	2	3	-1	2	1	2	7	3	2	1	4	2	-1	2	-1	-1	4	2	9	2
TCGA-AA-3975	2	1	2	80	-1	1	1	-1	-1	1	12	-1	4	1	2	-1	2	-1	-1	-1	-1	2	2	1	-1	2	2	1	2	-1	2	2	-1	2	1	2	7	3	2	1	5	2	2	2	-1	4	3	2	9	2
TCGA-AA-3979	2	1	2	84	-1	1	2	-1	-1	1	14	-1	4	1	2	-1	2	-1	-1	-1	-1	2	2	1	-1	3	2	1	2	-1	2	3	-1	2	1	2	7	2	2	1	3	2	2	2	-1	4	4	2	9	2
TCGA-F5-6813	-1	-1	2	70	-1	-1	3	-1	-1	1	13	-1	4	1	1	-1	1	-1	1	2	-1	1	1	2	1	6	2	2	1	5	2	12	-1	1	1	1	9	3	1	1	-1	-1	2	-1	-1	4	12	2	8	2
TCGA-AZ-4616	2	1	-1	82	-1	1	4	-1	-1	2	12	-1	4	1	2	-1	2	-1	1	1	-1	1	-1	2	1	3	1	1	2	-1	2	9	-1	2	1	2	9	3	2	1	3	-1	-1	2	-1	3	10	-1	3	1
TCGA-AZ-4615	2	1	-1	84	-1	1	3	2	-1	1	12	-1	4	1	-1	-1	2	-1	1	2	-1	2	1	1	1	3	1	1	2	-1	2	9	-1	2	1	2	8	3	2	1	4	-1	1	2	-1	4	10	1	-1	1
TCGA-AZ-4614	2	1	-1	71	-1	1	4	-1	-1	2	11	-1	4	1	-1	-1	2	-1	1	2	-1	1	-1	2	1	6	1	1	2	-1	2	9	-1	2	1	2	8	3	2	1	6	2	2	2	-1	3	10	-1	-1	1
TCGA-DY-A0XA	-1	-1	1	57	-1	-1	2	2	-1	2	6	-1	4	1	-1	-1	2	-1	1	-1	2	2	2	1	1	3	2	1	1	-1	2	6	-1	1	1	1	7	3	1	1	-1	-1	-1	-1	-1	4	11	1	6	2
TCGA-AA-A03F	2	1	2	90	-1	1	3	-1	-1	2	9	-1	3	1	3	2	2	-1	-1	-1	-1	1	-1	2	-1	3	-1	1	3	-1	2	9	-1	2	1	3	9	3	3	1	-1	2	2	2	-1	4	10	2	3	-1
TCGA-AD-6901	2	1	2	78	-1	1	-1	-1	-1	1	13	-1	4	1	1	-1	1	-1	1	-1	-1	1	1	2	-1	3	2	2	2	-1	2	9	-1	2	1	2	7	3	2	1	3	2	-1	2	-1	5	10	2	3	2
TCGA-EI-6508	-1	-1	2	48	-1	-1	3	-1	-1	2	14	-1	5	1	1	-1	1	-1	1	1	-1	2	2	1	1	3	1	2	1	-1	2	11	-1	1	1	1	6	3	1	1	-1	1	2	-1	-1	4	2	2	6	2
TCGA-DM-A28M	2	1	1	63	-1	1	2	1	-1	1	4	-1	4	1	2	2	2	-1	1	-1	2	2	2	1	1	3	2	1	2	-1	2	4	-1	2	1	2	7	3	2	1	-1	-1	-1	2	-1	4	5	1	2	2
TCGA-DM-A28K	2	1	2	75	-1	1	2	-1	-1	1	4	-1	3	1	2	2	2	-1	1	-1	-1	2	2	1	1	3	2	1	3	-1	2	7	-1	2	1	3	7	3	3	1	-1	-1	-1	2	-1	4	8	2	5	2
TCGA-AD-6895	2	1	2	84	-1	1	3	-1	-1	1	13	-1	4	1	1	-1	1	-1	1	-1	-1	2	2	1	1	3	1	2	2	-1	2	9	-1	2	1	2	6	2	2	1	2	1	2	2	-1	4	10	2	3	1
TCGA-DM-A28H	2	1	1	50	-1	1	3	2	-1	1	3	-1	4	1	2	2	2	-1	1	-1	2	2	1	1	1	3	2	1	2	-1	2	9	-1	2	1	2	9	3	2	1	-1	-1	-1	2	-1	4	10	1	3	2
TCGA-DM-A28G	2	1	1	75	-1	1	2	2	-1	1	6	-1	4	1	2	2	2	-1	1	-1	2	1	-1	2	1	3	2	1	2	-1	2	8	-1	2	1	2	7	3	2	1	-1	-1	-1	2	-1	4	9	1	1	2
TCGA-DM-A28F	2	1	1	73	-1	1	3	2	-1	1	3	-1	4	1	2	2	2	-1	1	-1	2	1	-1	2	1	3	-1	1	2	-1	2	3	-1	2	1	2	8	3	2	1	-1	-1	-1	2	-1	4	4	1	9	-1
TCGA-DM-A28E	2	1	1	72	-1	1	2	1	-1	2	6	-1	4	1	2	2	2	-1	1	-1	2	2	2	1	1	3	2	1	2	-1	2	3	-1	2	1	2	7	3	2	1	-1	-1	-1	2	-1	4	4	1	9	2
TCGA-DM-A0XF	2	1	2	68	-1	1	3	1	-1	2	1	-1	4	1	-1	2	2	-1	1	-1	-1	1	-1	2	1	3	2	1	2	-1	2	3	-1	2	1	2	9	3	-1	1	-1	-1	-1	2	-1	4	4	1	-1	2
TCGA-DM-A28C	2	1	2	74	-1	1	2	-1	-1	1	6	-1	4	1	2	2	2	-1	1	-1	-1	1	1	2	1	3	-1	1	2	-1	2	3	-1	2	1	2	7	3	2	1	-1	-1	-1	2	-1	4	4	2	9	-1
TCGA-DM-A28A	2	1	1	78	-1	1	3	1	-1	1	6	-1	4	1	2	2	2	-1	1	-1	2	1	-1	2	1	3	2	1	2	-1	2	9	-1	2	1	2	9	3	2	1	-1	-1	-1	2	-1	4	10	1	3	2
TCGA-AD-5900	2	1	-1	67	-1	1	1	-1	-1	1	14	-1	3	1	1	-1	2	-1	1	2	-1	2	2	1	1	2	2	1	3	-1	2	8	-1	2	1	3	7	3	3	1	3	1	2	2	-1	5	9	-1	1	-1
TCGA-CM-6172	2	1	2	70	-1	1	3	-1	-1	2	14	-1	4	1	1	-1	1	-1	1	2	-1	2	2	1	1	3	2	2	2	-1	2	3	-1	2	1	2	6	3	2	1	8	1	2	2	-1	4	4	2	9	2
TCGA-CK-4948	2	1	2	45	-1	2	3	-1	-1	2	3	-1	4	1	3	-1	-1	-1	1	-1	-1	2	2	1	1	3	-1	-1	2	5	2	3	-1	2	1	2	8	3	2	1	3	1	2	2	-1	4	4	2	9	-1
TCGA-CK-4947	2	1	2	46	-1	2	3	-1	-1	2	4	-1	4	1	2	-1	-1	-1	1	-1	-1	2	1	1	1	1	-1	-1	2	5	2	3	-1	2	1	2	8	3	2	1	6	2	1	2	-1	4	4	2	9	-1
TCGA-DM-A0X9	2	1	1	71	-1	1	2	1	-1	2	6	-1	4	1	-1	2	2	-1	1	-1	2	2	2	1	1	3	2	1	2	-1	2	8	-1	2	1	2	7	3	2	1	-1	-1	-1	2	-1	4	9	1	-1	2
TCGA-DM-A288	2	1	2	68	-1	1	3	1	-1	1	6	-1	3	1	2	2	2	-1	1	-1	-1	1	1	2	1	3	2	1	3	-1	2	9	-1	2	1	3	9	3	3	1	-1	-1	-1	2	-1	4	10	1	3	2
TCGA-DM-A286	2	1	-1	-1	-1	1	-1	-1	-1	-1	-1	-1	-1	-1	-1	2	-1	-1	-1	-1	-1	-1	-1	-1	-1	-1	-1	-1	2	-1	-1	-1	-1	-1	-1	2	-1	-1	-1	-1	-1	-1	-1	2	-1	-1	-1	-1	-1	-1
TCGA-DM-A285	2	1	1	71	-1	1	4	2	-1	2	6	-1	3	1	2	2	2	-1	1	-1	2	1	-1	2	1	3	-1	1	3	-1	2	8	-1	2	1	3	9	2	3	1	-1	-1	-1	2	-1	3	9	1	1	-1
TCGA-DM-A282	2	1	1	60	-1	1	2	2	-1	2	5	-1	3	1	2	2	2	-1	1	-1	2	2	2	1	1	3	2	1	3	-1	2	7	-1	2	1	3	7	3	2	1	-1	-1	-1	2	-1	4	8	1	5	2
TCGA-DM-A280	2	1	1	70	-1	1	2	1	-1	2	2	-1	3	1	2	2	2	-1	1	-1	2	1	-1	2	1	3	2	1	3	-1	2	8	-1	2	1	3	7	3	3	1	-1	-1	-1	2	-1	4	9	1	1	2
TCGA-A6-6652	2	1	2	59	-1	1	4	-1	-1	1	13	-1	4	1	-1	-1	1	-1	2	-1	-1	2	2	1	1	3	2	2	2	-1	2	3	-1	2	1	2	7	3	2	1	5	2	-1	2	-1	3	4	2	9	2
TCGA-AF-6672	-1	-1	2	43	-1	-1	4	1	-1	1	13	-1	4	1	1	-1	1	-1	1	-1	-1	2	1	1	1	6	1	2	1	-1	2	6	-1	1	1	1	2	3	1	1	-1	1	-1	-1	-1	5	11	1	6	2
TCGA-DC-5337	-1	-1	2	69	-1	-1	1	-1	-1	1	14	-1	4	1	1	-1	1	-1	1	2	-1	2	2	1	1	4	2	2	1	-1	2	6	-1	1	1	1	7	3	1	1	-1	1	2	-1	-1	4	11	2	6	2
