	SAMPLE_TYPE_ID	OCT_EMBEDDED	IDH1_MUTATION_TEST_METHOD	FOOD_ALLERGY_TYPES	SUPRATENTORIAL_LOCALIZATION	HISTORY_NEOADJUVANT_STEROID_TX	LATERALITY	AGE	HISTORY_NEOADJUVANT_MEDICATION	VIAL_NUMBER	SAMPLE_TYPE	TARGETED_MOLECULAR_THERAPY	SPECIMEN_SECOND_LONGEST_DIMENSION	INHERITED_GENETIC_SYNDROME_SPECIFIED	ASTHMA_ECZEMA_ALLERGY_FIRST_DIAGNOSIS	ECOG_SCORE	FAMILY_HISTORY_OF_CANCER	NEW_TUMOR_EVENT_AFTER_INITIAL_TREATMENT	FOOD_ALLERGY_HISTORY	GENDER	RADIATION_TREATMENT_ADJUVANT	RELATED_SYMPTOM_FIRST_PRESENT	PROSPECTIVE_COLLECTION	RACE	DFS_STATUS	CANCER_TYPE_DETAILED	SYMP_CHANGES_MOTOR_MOVEMENT	VITAL_STATUS	KARNOFSKY_PERFORMANCE_SCORE	OS_STATUS	ETHNICITY	SYMP_CHANGES_SENSORY	HEADACHE_HISTORY	ANIMAL_INSECT_ALLERGY_AGE	DAYS_TO_INITIAL_PATHOLOGIC_DIAGNOSIS	RETROSPECTIVE_COLLECTION	ONCOTREE_CODE	SEIZURE_HISTORY	FOOD_ALLERGY_AGE	HISTORY_NEOADJUVANT_TRTYN	PERFORMANCE_STATUS_TIMING	ICD_O_3_SITE	ANIMAL_INSECT_ALLERGY_HIST	TREATMENT_OUTCOME_FIRST_COURSE	HISTORY_IONIZING_RT_TO_HEAD	TUMOR_TISSUE_SITE	INFORMED_CONSENT_VERIFIED	ASTHMA_HISTORY	FAMILY_HISTORY_OF_PRIMARY_BRAIN_TUMOR	HAY_FEVER_HISTORY	FIRST_SYMPTOM_LONGEST_DURATION	TUMOR_SITE	HISTOLOGICAL_DIAGNOSIS	IDH1_MUTATION	GRADE	SHORTEST_DIMENSION	TUMOR_STATUS	SYMP_CHANGES_MENTAL_STATUS	INHERITED_GENETIC_SYNDROME_INDICATOR	ICD_O_3_HISTOLOGY	ECZEMA_HISTORY	SYMP_CHANGES_VISUAL	ICD_10	IDH1_MUTATION_TEST_INDICATOR	HISTORY_OTHER_MALIGNANCY	MOLD_OR_DUST_ALLERGY_HISTORY
TCGA-DH-A7UV	2	2	1	-1	3	2	1	49	1	1	2	1	-1	-1	-1	-1	2	2	-1	1	1	6	1	1	2	5	1	1	5	1	1	2	1	-1	1	2	3	2	-1	4	4	2	-1	-1	2	1	1	-1	2	-1	2	1	3	2	1	-1	2	1	2	5	-1	2	2	1	4	-1
TCGA-DH-A7UT	2	2	1	-1	3	1	3	30	1	1	2	1	-1	-1	-1	-1	2	2	2	1	1	1	1	1	1	5	2	2	-1	2	1	2	2	-1	1	2	3	1	-1	4	-1	2	-1	4	2	1	1	2	2	2	4	2	3	1	1	-1	2	2	2	5	2	2	2	1	4	2
TCGA-DH-A7UU	2	2	1	-1	3	2	1	43	2	1	2	1	-1	-1	-1	-1	1	2	2	1	1	3	1	1	2	5	2	1	5	1	1	1	2	-1	1	2	3	2	-1	4	4	2	-1	4	2	1	1	2	2	1	2	2	3	1	1	-1	2	1	2	5	2	1	2	1	4	1
TCGA-DH-A7UR	2	2	-1	-1	3	2	1	59	1	1	2	1	-1	-1	-1	2	2	2	2	2	1	6	2	1	2	6	2	1	5	1	1	2	1	-1	1	1	1	1	-1	4	3	2	-1	2	2	1	1	2	2	2	3	2	2	-1	1	-1	1	1	2	1	2	2	2	2	4	2
TCGA-DH-A7US	2	2	1	-1	3	2	1	50	1	1	2	2	-1	-1	-1	-1	2	2	2	1	2	1	1	1	2	2	2	1	-1	1	1	2	2	-1	1	2	6	1	-1	4	-1	2	-1	4	2	1	1	2	2	2	3	1	2	1	2	-1	2	2	2	4	2	2	2	1	4	2
TCGA-FG-7638	2	-1	-1	-1	3	1	3	31	1	2	2	-1	14	-1	-1	2	2	-1	2	2	-1	6	1	1	1	6	1	1	6	1	1	2	1	-1	1	2	1	1	-1	4	1	2	2	-1	2	1	1	2	2	2	1	2	2	-1	1	9	1	2	2	1	2	2	2	2	4	2
TCGA-FG-7634	2	-1	-1	-1	3	2	3	28	1	1	2	-1	1	-1	-1	-1	1	-1	2	1	-1	1	1	1	2	2	2	1	-1	1	1	2	2	-1	1	2	6	1	-1	4	-1	2	2	-1	2	1	1	2	2	2	1	2	2	-1	2	9	2	2	2	4	2	2	2	2	4	2
TCGA-FG-7636	2	-1	-1	-1	3	1	3	48	1	1	2	-1	13	-1	-1	2	2	-1	2	1	-1	6	1	1	2	5	1	1	5	1	1	1	1	-1	1	2	3	1	-1	4	1	2	2	-1	2	1	1	2	2	2	3	2	3	-1	1	7	1	1	2	5	2	2	2	2	4	2
TCGA-FG-7637	2	-1	-1	-1	3	2	1	49	1	1	2	-1	13	-1	2	-1	1	-1	2	1	-1	1	1	1	2	3	2	1	-1	1	1	2	2	-1	1	2	2	1	-1	4	-1	2	2	-1	2	1	1	2	2	1	3	1	1	-1	2	6	2	1	2	3	2	2	2	2	4	2
TCGA-VV-A829	2	1	-1	-1	3	-1	3	44	-1	1	2	1	-1	-1	-1	-1	1	2	2	1	1	5	2	1	2	3	1	1	-1	1	1	2	2	-1	1	1	2	2	-1	4	-1	2	2	4	2	1	1	2	2	2	1	2	1	-1	1	-1	2	2	-1	3	-1	2	2	2	4	2
TCGA-DU-5847	2	-1	-1	-1	4	2	1	34	1	1	2	-1	6	-1	-1	-1	2	-1	2	2	-1	1	1	1	2	5	2	1	-1	1	1	2	2	-1	1	2	3	1	-1	4	-1	1	2	-1	2	1	1	2	2	-1	1	2	3	-1	1	7	2	2	-1	5	1	2	1	2	4	2
TCGA-DU-5849	2	-1	-1	-1	4	1	3	48	1	1	2	-1	1	-1	-1	-1	-1	-1	-1	1	-1	1	1	1	2	2	2	1	-1	1	1	2	2	-1	1	2	6	1	-1	4	-1	1	-1	-1	2	1	1	-1	2	-1	1	2	2	-1	2	7	1	2	-1	4	-1	2	1	2	4	-1
TCGA-HT-7686	2	-1	-1	-1	3	1	3	29	1	1	2	-1	1	-1	-1	-1	-1	-1	2	2	-1	6	2	1	2	5	2	1	-1	1	1	2	1	-1	1	1	3	2	-1	4	-1	2	2	-1	2	1	1	2	-1	2	3	5	3	-1	1	9	1	2	2	5	2	1	2	2	4	2
TCGA-HT-7687	2	-1	-1	-1	3	2	1	74	2	1	2	-1	4	-1	-1	-1	1	-1	-1	1	-1	4	2	1	2	6	2	1	-1	1	1	1	2	-1	1	1	1	2	-1	4	-1	2	-1	-1	2	1	1	-1	2	-1	3	2	2	-1	1	7	1	2	2	1	-1	1	2	2	4	-1
TCGA-HT-7684	2	-1	-1	-1	4	2	3	58	2	1	2	-1	1	-1	-1	-1	2	-1	2	1	-1	6	2	1	2	3	2	1	-1	1	1	1	1	-1	1	1	2	2	-1	4	-1	2	2	-1	2	1	1	2	2	2	1	2	1	-1	1	1	1	1	2	3	2	2	2	2	4	2
TCGA-HT-7680	2	-1	-1	-1	4	2	2	32	2	1	2	-1	14	-1	-1	-1	2	-1	2	2	-1	6	2	1	2	1	1	1	-1	1	2	2	1	-1	1	1	5	2	-1	4	-1	1	2	-1	2	1	1	2	2	2	3	3	3	-1	2	6	1	2	2	2	2	2	1	2	4	2
TCGA-HT-7681	2	-1	-1	-1	3	-1	1	29	-1	1	2	2	1	-1	-1	-1	-1	2	-1	2	2	-1	2	1	2	3	-1	1	-1	1	1	-1	-1	-1	1	1	2	-1	-1	4	-1	2	-1	2	2	1	1	-1	-1	-1	-1	2	1	-1	2	9	1	-1	-1	3	-1	-1	2	-1	4	-1
TCGA-HT-7688	2	-1	-1	-1	4	1	3	59	1	1	2	-1	1	-1	-1	-1	1	-1	2	1	-1	6	2	1	2	6	1	1	-1	1	1	2	1	-1	1	1	1	1	-1	4	-1	2	2	-1	2	1	1	2	2	1	3	2	2	-1	1	9	1	2	2	1	2	1	2	2	4	2
TCGA-HT-7689	2	-1	-1	-1	3	-1	3	58	-1	1	2	-1	14	-1	-1	-1	2	-1	2	2	-1	2	2	1	2	2	1	1	3	1	1	2	2	-1	1	1	6	2	-1	4	4	2	2	-1	2	1	1	2	2	2	1	2	2	-1	2	8	1	1	-1	4	2	2	2	-1	4	2
TCGA-TM-A84L	2	2	-1	-1	3	-1	3	31	-1	1	2	2	-1	-1	-1	2	2	1	2	1	2	1	2	1	1	3	2	2	5	2	1	2	2	-1	1	1	2	1	-1	4	1	2	2	2	2	1	1	2	2	2	4	1	1	-1	2	-1	2	2	-1	3	2	2	2	2	4	2
TCGA-KT-A7W1	2	1	1	-1	4	1	1	45	1	1	2	1	-1	-1	-1	-1	1	1	-1	2	1	1	1	1	1	5	1	1	7	1	1	2	-1	-1	1	2	3	1	-1	4	4	2	-1	1	2	1	1	-1	2	-1	1	2	3	2	1	-1	1	2	2	5	-1	2	2	1	4	-1
TCGA-DU-6542	2	-1	-1	-1	3	1	1	25	1	1	2	-1	1	-1	-1	-1	-1	-1	-1	1	-1	4	1	1	2	3	2	1	-1	1	1	2	1	-1	1	2	2	2	-1	4	-1	2	-1	-1	2	1	1	-1	-1	-1	4	1	1	-1	1	1	2	2	-1	3	-1	1	2	2	4	-1
TCGA-HT-8110	2	-1	-1	-1	4	-1	1	57	-1	1	2	-1	1	-1	-1	-1	1	-1	2	1	-1	4	2	1	2	5	2	1	-1	1	1	2	1	-1	1	1	3	2	-1	4	-1	2	2	-1	2	1	1	2	2	2	1	5	3	-1	1	1	1	1	2	5	2	1	2	2	4	2
TCGA-HT-7611	2	-1	-1	-1	3	-1	1	36	-1	1	2	2	1	-1	-1	-1	2	2	2	1	2	-1	2	1	2	3	2	1	5	1	1	2	2	-1	1	1	2	2	-1	4	2	2	2	2	2	1	1	2	2	2	-1	2	1	-1	2	2	1	2	-1	3	2	2	2	-1	4	2
TCGA-HT-7610	2	-1	-1	-1	4	2	3	25	1	1	2	-1	1	-1	-1	-1	2	-1	2	2	-1	1	2	1	1	3	2	1	-1	1	1	2	1	-1	1	1	2	1	-1	4	-1	2	2	-1	2	1	1	2	2	2	3	1	1	-1	2	9	1	2	2	3	2	2	2	2	4	2
TCGA-HT-7616	2	-1	-1	-1	3	2	1	75	2	1	2	-1	1	-1	-1	-1	2	-1	-1	1	-1	1	2	1	-1	6	1	2	-1	2	1	2	2	-1	1	1	1	1	-1	4	-1	1	2	-1	2	1	1	2	2	2	1	2	2	-1	1	4	2	1	2	1	2	2	1	2	4	2
TCGA-HT-7880	2	-1	-1	15	4	1	1	30	1	1	2	-1	6	-1	-1	-1	2	-1	1	1	-1	1	2	1	2	3	2	1	-1	1	1	1	1	-1	1	1	2	1	-1	4	-1	2	2	-1	2	1	1	2	2	2	4	5	1	-1	2	8	1	2	-1	3	2	2	2	-1	4	2
TCGA-HT-7881	2	-1	-1	-1	3	1	3	38	1	1	2	-1	6	-1	-1	-1	1	-1	-1	1	-1	1	2	2	2	2	2	1	-1	1	1	2	2	-1	1	1	6	1	-1	4	-1	2	2	-1	2	1	1	2	2	2	3	1	2	-1	2	4	1	2	-1	4	2	2	2	-1	4	2
TCGA-HT-7882	2	-1	-1	-1	3	2	3	66	1	1	2	-1	14	-1	-1	-1	2	-1	2	1	-1	1	2	1	-1	6	1	2	-1	2	2	2	2	-1	1	1	1	1	-1	4	-1	2	2	-1	2	1	1	2	2	2	3	2	2	-1	1	4	1	1	2	1	2	2	2	2	4	2
TCGA-HT-7884	2	-1	-1	-1	4	2	3	44	1	2	2	1	6	-1	3	-1	2	2	2	2	1	2	2	1	2	1	2	1	7	1	1	2	1	-1	1	1	5	1	-1	4	3	2	2	4	2	1	1	1	2	2	1	2	3	-1	2	4	-1	1	2	2	2	1	2	2	4	2
TCGA-CS-6670	2	-1	-1	-1	2	2	1	43	2	1	2	-1	6	-1	-1	-1	2	-1	2	1	-1	6	-1	1	2	6	2	1	-1	1	1	2	1	-1	1	-1	1	2	-1	2	-1	1	2	-1	2	1	1	2	2	2	4	1	2	-1	1	4	2	2	-1	1	2	2	1	2	2	2
TCGA-DH-A669	1	2	-1	-1	3	1	3	70	2	1	1	2	-1	-1	-1	-1	2	1	2	1	2	2	2	1	1	2	1	2	-1	2	1	2	2	-1	1	1	6	2	-1	4	-1	2	-1	4	2	1	1	2	2	2	3	5	2	-1	1	-1	1	1	2	1	2	2	2	2	4	2
TCGA-FG-A711	2	2	-1	-1	3	1	3	33	1	1	2	2	-1	-1	3	-1	2	1	2	2	2	1	1	1	1	2	2	2	5	2	1	1	2	-1	1	2	6	1	-1	4	3	2	2	1	2	1	1	2	2	2	1	2	2	-1	2	-1	2	1	2	4	1	2	2	2	4	2
TCGA-FG-A710	2	2	-1	-1	3	2	3	50	1	1	2	1	-1	-1	-1	-1	2	2	-1	2	2	6	1	1	2	2	1	1	-1	1	1	2	1	-1	1	2	6	1	-1	4	-1	2	-1	4	2	1	1	-1	2	-1	2	2	2	-1	2	-1	2	2	2	4	-1	2	2	2	4	-1
TCGA-FG-A713	2	2	-1	11	3	2	1	74	2	1	2	2	-1	-1	2	-1	2	2	1	2	1	6	1	1	2	3	2	1	3	1	1	2	1	-1	1	2	2	2	2	4	4	2	2	2	2	1	1	2	2	1	3	2	1	-1	2	-1	1	1	2	3	1	2	2	2	3	1
TCGA-E1-A7Z4	2	1	1	-1	3	1	3	35	1	1	2	2	-1	-1	-1	-1	1	1	2	1	2	6	2	1	1	1	2	2	5	2	1	2	1	-1	1	1	5	2	-1	4	3	2	2	1	2	1	1	2	2	2	4	2	3	1	2	-1	2	2	2	2	2	1	2	1	4	2
TCGA-E1-A7Z6	2	1	1	-1	3	1	1	41	2	1	2	2	-1	-1	-1	-1	1	1	2	2	2	6	2	1	1	1	2	2	5	2	1	2	1	-1	1	1	5	2	-1	4	4	2	2	1	2	1	1	2	2	2	3	2	3	1	2	-1	2	2	2	2	2	2	2	1	4	2
TCGA-E1-A7Z3	2	1	-1	-1	2	-1	1	31	1	1	2	2	-1	-1	-1	-1	-1	1	-1	2	2	1	2	2	1	1	2	2	-1	2	1	2	2	-1	1	1	5	1	-1	4	-1	2	-1	1	2	1	1	2	-1	-1	1	5	3	-1	2	-1	2	2	2	2	2	2	2	2	4	-1
TCGA-E1-A7Z2	2	1	1	12	2	1	3	58	1	1	2	1	-1	-1	-1	-1	1	1	1	2	2	1	2	1	1	2	2	2	7	2	1	2	2	-1	1	1	6	1	-1	4	4	2	2	1	2	1	1	2	2	2	4	2	2	2	2	-1	2	2	2	4	2	2	2	1	4	2
TCGA-HT-7468	2	-1	-1	4	4	2	1	30	1	1	2	-1	12	3	-1	-1	2	-1	1	1	-1	1	2	1	2	6	2	1	7	1	1	2	1	-1	1	1	1	1	-1	4	4	2	2	-1	2	1	1	2	2	2	3	5	2	-1	1	8	1	2	2	1	2	2	2	2	4	2
TCGA-HT-7469	2	-1	-1	-1	2	2	3	30	2	1	2	-1	14	-1	-1	-1	1	-1	2	1	-1	5	2	1	1	6	1	2	-1	2	1	-1	1	-1	1	1	1	-1	-1	4	-1	2	2	-1	2	1	1	2	2	2	1	1	2	-1	1	10	2	-1	-1	1	2	-1	2	2	4	2
TCGA-HT-7467	2	-1	-1	-1	4	2	1	54	1	1	2	-1	6	-1	-1	-1	1	-1	2	1	-1	3	2	1	2	2	1	1	-1	1	1	1	2	-1	1	1	6	2	-1	4	-1	1	2	-1	2	1	1	2	2	2	1	5	2	-1	2	7	1	2	2	4	2	1	1	2	4	2
TCGA-S9-A6U6	2	2	1	-1	2	2	3	28	2	1	2	2	-1	-1	-1	2	-1	2	2	1	1	-1	2	1	2	5	2	1	6	1	1	2	2	-1	1	1	3	2	-1	4	1	2	2	2	2	1	1	2	-1	2	-1	1	3	1	1	-1	1	2	2	5	2	2	2	1	4	2
TCGA-S9-A6U5	2	2	1	-1	2	2	1	33	1	1	2	2	-1	-1	-1	2	-1	2	2	1	2	1	2	1	2	1	2	1	6	1	1	2	2	-1	1	1	5	1	-1	4	1	2	2	2	2	1	1	2	-1	2	4	1	3	1	2	-1	1	2	-1	2	2	2	2	1	4	2
TCGA-S9-A6U2	2	2	1	-1	2	2	1	48	1	1	2	2	-1	-1	-1	2	-1	2	2	2	1	1	2	1	2	2	2	1	6	1	1	2	2	-1	1	1	6	1	-1	4	1	2	2	3	2	1	1	2	-1	2	1	2	2	1	2	-1	2	2	-1	4	2	2	2	1	4	2
TCGA-S9-A6U1	2	2	1	-1	2	2	1	22	2	1	2	1	-1	-1	-1	2	2	2	2	2	2	3	2	1	2	5	2	1	6	1	1	1	2	-1	1	1	3	2	-1	4	1	2	2	2	2	1	1	2	2	2	1	2	3	2	1	-1	2	2	-1	5	2	2	2	1	4	2
TCGA-S9-A6U0	2	2	1	-1	2	2	1	46	2	1	2	1	-1	-1	-1	2	-1	2	2	1	1	1	2	1	1	5	2	2	6	2	1	2	2	-1	1	1	3	1	-1	4	1	2	2	3	2	1	1	2	-1	2	1	1	3	2	1	-1	2	2	-1	5	2	2	2	1	4	2
TCGA-VM-A8CB	2	2	-1	-1	3	1	3	33	1	1	2	-1	-1	-1	-1	-1	2	-1	-1	1	-1	1	2	-1	2	6	2	1	-1	1	-1	2	1	-1	1	1	1	1	-1	4	-1	2	-1	-1	2	1	1	-1	2	-1	1	2	2	-1	1	-1	1	2	2	1	-1	2	2	2	4	-1
TCGA-VM-A8CA	2	2	-1	-1	3	-1	3	54	-1	1	2	1	-1	-1	-1	-1	2	-1	-1	1	2	2	2	-1	2	2	2	1	4	1	-1	2	2	-1	1	1	6	2	-1	4	4	2	-1	-1	2	1	1	2	2	-1	1	2	2	-1	2	-1	2	1	2	4	-1	2	2	2	4	-1
TCGA-VM-A8CF	2	2	1	-1	3	2	3	44	2	1	2	2	-1	-1	-1	-1	2	2	-1	2	1	5	2	1	2	5	1	1	3	1	-1	2	2	-1	1	1	3	2	-1	4	4	2	-1	-1	2	1	1	-1	2	-1	3	2	3	1	1	-1	2	2	2	5	-1	2	2	1	4	-1
TCGA-VM-A8CD	2	2	1	-1	3	2	1	58	1	1	2	2	-1	-1	-1	-1	1	-1	-1	1	1	1	2	1	-1	5	2	2	6	2	-1	2	1	-1	1	1	3	1	-1	4	4	2	-1	-1	2	1	1	2	2	-1	3	1	3	2	1	-1	2	1	-1	5	-1	1	2	1	4	-1
TCGA-VM-A8CE	2	2	-1	-1	3	2	3	25	1	1	2	1	-1	-1	-1	-1	2	1	-1	1	2	1	2	1	1	2	2	1	5	1	-1	2	2	-1	1	1	6	1	-1	4	4	2	-1	-1	2	1	1	2	2	-1	1	2	2	-1	2	-1	2	2	2	4	-1	2	2	2	4	-1
TCGA-VM-A8C8	2	2	1	-1	3	-1	1	50	-1	1	2	2	-1	-1	-1	-1	1	1	-1	2	1	5	2	1	1	2	1	1	5	1	-1	2	2	-1	1	1	6	2	-1	4	4	2	-1	-1	2	1	1	-1	2	1	3	1	2	1	2	-1	-1	2	-1	4	-1	2	2	1	4	-1
TCGA-VM-A8C9	2	2	-1	-1	3	-1	3	37	-1	1	2	2	-1	-1	-1	-1	2	2	-1	2	2	1	2	-1	2	1	2	1	-1	1	-1	2	1	-1	1	1	5	1	-1	4	-1	2	-1	2	2	1	1	-1	2	-1	3	1	3	-1	2	-1	-1	2	-1	2	-1	2	2	2	4	-1
TCGA-S9-A6UB	2	2	-1	-1	2	2	1	52	2	1	2	2	-1	-1	-1	2	-1	2	2	1	2	-1	2	1	2	2	2	1	6	1	1	2	2	-1	1	1	6	2	-1	4	1	2	2	2	2	1	1	1	-1	2	-1	2	2	-1	2	-1	1	2	-1	4	2	2	2	2	4	2
TCGA-S9-A6UA	2	2	-1	-1	1	2	1	66	2	1	2	2	-1	-1	-1	4	-1	1	2	1	2	2	2	1	1	5	2	2	3	2	1	2	2	-1	1	1	3	2	-1	4	1	2	2	1	2	1	1	2	-1	2	3	1	3	-1	1	-1	2	1	-1	5	2	2	2	2	4	2
TCGA-DU-A7T8	2	2	-1	-1	3	-1	1	35	-1	1	2	1	-1	-1	3	-1	2	1	2	1	1	2	2	1	1	3	1	2	6	2	1	1	1	-1	1	1	2	2	-1	4	2	2	2	4	2	1	1	2	2	2	2	2	1	-1	1	-1	2	1	-1	3	1	2	2	2	4	2
TCGA-FG-5964	2	-1	-1	13	4	1	3	62	1	1	2	-1	12	-1	2	-1	1	-1	1	1	-1	1	2	1	2	2	2	1	-1	1	1	2	2	-1	1	1	6	1	2	4	-1	2	2	-1	2	1	1	2	2	2	1	5	2	-1	2	9	2	2	2	4	2	2	2	2	4	1
TCGA-FG-5965	2	-1	-1	-1	4	2	1	39	2	2	2	-1	14	-1	-1	-1	1	-1	2	2	-1	1	2	1	1	3	2	2	5	2	1	2	1	-1	1	1	2	1	-1	4	3	2	2	-1	2	1	1	2	2	2	1	2	1	-1	2	2	2	2	2	3	2	1	2	2	4	2
TCGA-FG-5962	2	-1	-1	-1	4	2	3	54	2	2	2	-1	14	-1	2	-1	1	-1	2	1	-1	4	2	1	2	6	2	1	-1	1	1	2	2	-1	1	1	1	2	-1	4	-1	2	2	-1	2	1	1	2	2	1	3	7	2	-1	1	6	2	2	2	1	2	1	2	2	4	2
TCGA-FG-5963	2	-1	-1	-1	4	-1	1	23	1	1	2	-1	1	-1	1	-1	1	-1	2	1	-1	1	2	1	1	5	2	2	5	2	1	2	2	1	1	1	3	1	-1	4	3	2	1	-1	2	1	1	2	2	2	1	2	3	-1	1	8	2	1	2	5	2	2	2	2	4	1
TCGA-DH-A66F	2	2	1	-1	3	1	3	49	1	1	2	2	-1	-1	-1	1	2	2	2	1	2	1	1	1	2	2	2	1	5	1	1	2	2	-1	1	2	6	1	-1	4	2	2	-1	2	2	1	1	2	2	-1	1	2	2	1	2	-1	1	2	2	4	2	2	2	1	4	-1
TCGA-DH-A66G	2	2	1	-1	3	1	3	49	1	1	2	1	-1	-1	-1	1	1	2	2	2	1	6	1	1	2	6	2	1	7	1	1	2	1	-1	1	2	1	1	-1	4	4	2	-1	4	2	1	1	2	2	2	3	2	2	1	1	-1	2	2	2	1	2	2	2	1	4	2
TCGA-DH-A66D	2	2	1	9	3	2	1	43	2	1	2	1	-1	-1	-1	1	2	2	1	2	1	1	2	1	2	5	2	1	7	1	1	2	2	-1	1	1	3	1	-1	4	3	2	-1	4	2	1	1	2	2	2	1	2	3	1	1	-1	1	1	2	5	2	2	2	1	4	2
TCGA-DH-A66B	2	2	-1	-1	3	2	3	52	1	1	2	1	-1	-1	-1	1	1	2	2	1	1	2	2	1	2	5	2	1	5	1	1	2	2	-1	1	1	3	2	-1	4	3	2	-1	4	2	1	1	2	2	2	3	1	3	-1	1	-1	2	1	2	5	2	2	2	2	3	2
TCGA-DU-A7T6	2	2	-1	-1	3	-1	1	73	-1	1	2	-1	-1	-1	-1	-1	-1	-1	-1	2	-1	6	2	1	-1	6	2	2	3	2	1	2	1	-1	1	1	1	2	-1	4	4	2	-1	-1	2	1	1	-1	-1	-1	3	2	2	-1	1	-1	2	2	-1	1	-1	2	2	2	4	-1
TCGA-DU-5874	2	-1	-1	-1	3	2	3	62	1	1	2	-1	14	-1	-1	-1	-1	-1	-1	2	-1	1	1	1	2	2	2	1	6	1	1	2	2	-1	1	2	6	1	-1	4	4	1	-1	-1	2	1	1	-1	-1	-1	4	2	2	-1	2	8	1	2	-1	4	-1	2	1	2	4	-1
TCGA-DU-5870	1	2	-1	-1	3	-1	1	34	-1	1	1	-1	-1	-1	-1	-1	2	-1	-1	2	-1	6	2	1	1	2	2	1	4	1	1	1	1	-1	1	1	6	2	-1	4	3	1	-1	-1	2	1	1	-1	-1	-1	3	1	2	-1	2	-1	2	1	-1	4	-1	2	1	2	4	-1
TCGA-DU-5871	2	-1	-1	-1	4	1	3	37	1	1	2	-1	14	-1	-1	-1	1	-1	-1	2	-1	1	1	1	2	3	2	1	6	1	1	2	2	-1	1	2	2	1	-1	4	1	1	-1	-1	2	1	1	-1	2	-1	1	2	1	-1	2	1	1	2	-1	3	-1	2	1	2	4	-1
TCGA-DU-5872	2	-1	-1	-1	3	1	3	43	1	1	2	-1	14	-1	-1	-1	2	-1	-1	2	-1	6	1	2	1	3	2	1	-1	1	1	2	1	-1	1	2	2	2	-1	4	-1	1	-1	-1	2	1	1	-1	2	-1	1	2	1	-1	2	10	2	2	-1	3	-1	2	1	2	4	-1
TCGA-S9-A89Z	2	2	1	-1	4	1	1	40	1	1	2	1	-1	-1	-1	1	1	2	2	1	1	1	1	1	2	5	2	1	4	1	1	2	2	-1	1	2	3	1	-1	4	1	2	2	3	2	1	1	2	2	2	4	2	3	1	1	-1	2	2	2	5	2	2	2	1	4	2
TCGA-HT-A61C	2	2	-1	-1	3	1	3	66	1	1	2	1	-1	-1	-1	-1	1	-1	2	1	1	5	2	1	1	6	1	2	6	2	1	2	2	-1	1	1	1	1	-1	4	3	2	2	2	2	1	1	2	-1	2	1	1	2	-1	1	-1	1	2	-1	1	2	2	2	-1	4	2
TCGA-HT-A61B	2	2	-1	-1	3	-1	3	22	1	1	2	1	-1	-1	-1	-1	2	2	-1	1	1	1	2	1	2	5	2	1	7	1	1	2	2	-1	1	1	3	1	-1	4	3	2	-1	2	2	1	1	-1	2	-1	1	1	3	-1	1	-1	1	1	-1	5	-1	2	2	-1	4	-1
TCGA-HT-A61A	2	2	-1	-1	3	-1	3	20	1	1	2	1	-1	-1	-1	-1	-1	-1	-1	2	1	1	2	1	2	2	2	1	7	1	1	2	2	-1	1	1	6	1	-1	4	2	2	-1	2	2	1	1	-1	2	-1	4	1	2	-1	2	-1	1	2	-1	4	-1	2	2	-1	4	-1
TCGA-DU-7010	2	-1	-1	-1	3	1	3	58	1	1	2	-1	14	-1	-1	-1	-1	-1	-1	2	-1	1	2	1	1	5	2	2	-1	2	1	2	2	-1	1	1	3	1	-1	4	-1	2	-1	-1	2	1	1	-1	-1	-1	4	2	3	-1	1	6	2	2	-1	5	-1	2	2	2	4	-1
TCGA-S9-A89V	2	2	1	-1	2	2	1	70	2	1	2	1	-1	-1	-1	1	-1	1	2	1	1	5	2	1	1	5	1	1	7	1	1	1	2	-1	1	1	3	2	-1	4	1	2	2	1	2	1	1	2	-1	2	3	3	3	2	1	-1	-1	2	-1	5	2	2	2	1	4	2
TCGA-R8-A6YH	2	1	-1	-1	-1	-1	-1	-1	-1	1	2	-1	-1	-1	-1	-1	-1	-1	-1	-1	-1	-1	-1	-1	-1	4	-1	-1	-1	-1	-1	-1	-1	-1	-1	-1	4	-1	-1	-1	-1	-1	-1	-1	-1	-1	-1	-1	-1	-1	-1	-1	-1	-1	-1	-1	-1	-1	-1	-1	-1	-1	-1	-1	-1	-1
TCGA-DU-A6S6	2	2	-1	-1	4	2	1	35	2	1	2	1	-1	-1	3	-1	2	1	2	2	2	6	2	1	1	3	2	1	5	1	1	2	1	-1	1	1	2	2	-1	4	2	2	2	-1	2	1	1	2	2	1	4	2	1	-1	2	-1	2	2	2	3	2	2	2	2	4	2
TCGA-DU-A6S7	2	2	1	-1	3	2	3	27	1	1	2	1	-1	-1	1	-1	2	2	2	2	1	1	1	1	2	5	2	1	5	1	1	2	2	-1	1	2	3	1	-1	4	1	2	2	-1	2	1	1	2	2	1	3	2	3	1	1	-1	2	2	2	5	2	2	2	1	4	2
TCGA-FG-A6J1	2	1	1	-1	3	2	3	44	2	1	2	2	-1	-1	-1	-1	1	2	2	2	1	1	1	1	2	2	2	1	4	1	1	2	2	-1	1	2	6	1	-1	4	4	2	2	4	2	1	1	2	2	2	1	4	2	1	2	-1	2	2	2	4	2	2	2	1	4	2
TCGA-DU-A6S3	2	2	-1	-1	3	2	1	60	2	1	2	2	-1	-1	-1	-1	-1	2	-1	1	2	5	1	1	2	2	1	1	-1	1	1	2	2	-1	1	2	6	2	-1	4	-1	2	-1	4	2	1	1	-1	-1	-1	2	2	2	-1	2	-1	1	2	2	4	-1	2	2	2	4	-1
TCGA-FG-A6J3	2	1	1	-1	2	2	1	52	1	1	2	1	-1	-1	-1	1	-1	1	2	2	1	3	1	1	1	5	2	1	5	1	1	1	2	-1	1	2	3	2	-1	4	3	2	2	1	2	1	1	-1	-1	2	1	2	3	1	1	-1	2	2	-1	5	2	2	2	1	4	2
TCGA-DU-A6S8	2	2	1	-1	3	2	1	74	2	1	2	1	-1	-1	-1	-1	2	2	2	2	2	2	1	1	1	6	2	1	5	1	1	2	2	-1	1	2	1	2	-1	4	4	2	2	-1	2	1	1	2	2	2	3	2	2	1	1	-1	2	1	2	1	2	2	2	1	4	2
TCGA-HT-A617	2	2	-1	-1	3	2	1	47	1	1	2	-1	-1	-1	-1	-1	2	1	-1	1	-1	1	2	4	1	2	2	1	3	1	-1	2	2	-1	1	1	6	1	-1	4	3	2	-1	1	2	1	1	2	2	2	4	4	2	-1	2	-1	-1	2	-1	4	2	2	2	2	4	2
TCGA-HT-A616	2	2	-1	-1	3	-1	3	36	-1	1	2	2	-1	-1	-1	-1	1	-1	-1	2	2	1	2	1	2	1	2	1	-1	1	1	2	2	-1	1	1	5	1	-1	4	-1	2	2	-1	2	1	1	2	2	2	4	2	3	-1	2	-1	-1	2	-1	2	2	2	2	-1	4	2
TCGA-HT-A615	2	2	-1	-1	3	-1	3	38	-1	1	2	2	-1	-1	-1	-1	1	2	-1	2	1	1	2	1	2	2	2	1	5	1	1	2	2	-1	1	1	6	1	-1	4	3	2	-1	2	2	1	1	2	2	-1	1	1	2	-1	2	-1	2	2	-1	4	2	2	2	-1	4	-1
TCGA-HT-A614	2	2	-1	-1	3	-1	1	47	1	1	2	-1	-1	-1	-1	-1	-1	-1	-1	1	-1	6	2	1	2	3	1	1	-1	1	1	1	1	-1	1	1	2	1	-1	4	-1	2	-1	3	2	1	1	-1	-1	-1	3	4	1	-1	2	-1	2	1	-1	3	-1	2	2	-1	4	-1
TCGA-DU-7011	2	-1	-1	-1	2	1	1	25	1	1	2	-1	14	-1	-1	-1	-1	-1	-1	1	-1	1	2	1	-1	3	2	2	7	2	1	2	2	-1	1	1	2	1	-1	4	4	2	-1	-1	2	1	1	-1	-1	-1	2	2	1	-1	2	4	2	2	-1	3	-1	2	2	2	4	-1
TCGA-HT-A619	2	2	-1	-1	3	-1	3	51	-1	1	2	1	-1	-1	-1	-1	-1	2	-1	2	2	5	2	3	2	6	1	1	-1	1	1	2	2	-1	1	1	1	2	-1	1	1	2	-1	2	1	1	1	-1	-1	-1	1	2	2	-1	1	-1	1	2	-1	1	-1	2	2	-1	3	-1
TCGA-HT-A618	2	2	-1	-1	3	-1	-1	37	-1	1	2	1	-1	-1	-1	-1	2	2	-1	2	1	2	2	1	2	5	1	1	7	1	1	1	2	-1	1	1	3	-1	-1	4	4	2	-1	-1	2	1	1	-1	2	-1	1	1	3	-1	1	-1	-1	1	-1	5	-1	2	2	-1	4	-1
TCGA-HT-7875	2	-1	-1	-1	4	2	3	56	1	1	2	-1	4	-1	-1	-1	1	-1	2	1	-1	1	2	1	2	2	2	1	7	1	1	2	2	-1	1	1	6	1	-1	4	4	2	2	-1	2	1	1	2	2	2	2	2	2	-1	2	9	1	2	2	4	2	2	2	2	4	2
TCGA-HT-7860	2	-1	-1	-1	4	1	3	60	1	1	2	-1	4	-1	-1	-1	-1	-1	2	2	-1	1	2	1	2	5	1	1	-1	1	1	2	2	-1	1	1	3	1	-1	4	-1	2	2	-1	2	1	1	2	-1	2	3	2	3	-1	1	9	1	2	2	5	2	2	2	2	4	2
TCGA-CS-5393	2	-1	-1	-1	2	-1	3	39	2	1	2	-1	14	-1	-1	2	-1	-1	-1	1	-1	6	2	1	2	5	2	1	6	1	-1	2	1	-1	1	1	3	2	-1	4	1	1	-1	-1	1	1	1	2	2	-1	2	1	3	-1	1	4	1	2	-1	5	2	2	1	2	4	-1
TCGA-DU-7301	2	-1	-1	-1	3	2	3	53	1	1	2	-1	14	-1	-1	-1	-1	-1	-1	1	-1	1	2	1	1	2	2	2	6	2	1	1	2	-1	1	1	6	1	-1	4	4	2	-1	-1	2	1	1	-1	-1	-1	3	1	2	-1	2	6	2	2	-1	4	-1	2	2	2	4	-1
TCGA-CS-5394	2	-1	-1	-1	2	1	3	40	1	1	2	-1	12	-1	-1	-1	-1	-1	2	1	-1	1	2	1	2	5	2	1	-1	1	-1	2	2	-1	1	1	3	1	-1	4	-1	1	2	-1	2	1	1	2	-1	2	1	2	3	-1	1	9	-1	2	-1	5	2	2	1	-1	4	2
TCGA-HT-7877	2	-1	-1	-1	4	2	3	20	2	1	2	-1	6	-1	-1	-1	2	-1	2	2	-1	6	2	1	2	2	1	1	-1	1	1	2	1	-1	1	1	6	2	-1	4	-1	2	2	-1	2	1	1	2	2	1	3	2	2	-1	2	9	-1	2	-1	4	2	2	2	-1	4	2
TCGA-CS-5395	2	-1	-1	-1	2	-1	1	43	-1	1	2	-1	14	-1	-1	1	-1	-1	-1	1	-1	-1	2	2	1	2	-1	2	5	2	-1	-1	-1	-1	1	1	6	-1	-1	4	1	1	-1	-1	2	1	1	-1	-1	-1	-1	5	2	-1	2	3	2	-1	-1	3	-1	-1	1	2	4	-1
TCGA-DU-A7TG	2	2	-1	-1	3	-1	1	40	-1	1	2	1	-1	-1	-1	-1	1	-1	-1	1	2	2	2	1	-1	2	2	2	4	2	1	2	2	-1	1	1	6	2	-1	4	3	2	-1	-1	2	1	1	-1	2	-1	1	2	2	-1	2	-1	-1	1	-1	4	-1	2	2	2	4	-1
TCGA-DU-A7TD	2	2	-1	-1	-1	1	1	52	1	1	2	1	-1	-1	-1	-1	-1	1	-1	1	1	5	1	1	1	3	1	2	3	2	1	2	2	-1	1	2	2	2	-1	4	3	2	-1	1	2	1	1	-1	-1	-1	1	1	1	-1	1	-1	2	2	-1	3	-1	2	2	2	4	-1
TCGA-DU-7292	2	-1	-1	-1	3	-1	3	69	-1	1	2	-1	14	-1	3	-1	-1	-1	-1	1	-1	1	2	1	1	5	2	2	-1	2	1	2	2	-1	1	1	3	1	-1	4	-1	2	-1	-1	2	1	1	1	-1	-1	2	1	3	-1	1	7	2	2	2	5	-1	2	2	2	4	-1
TCGA-DU-A7TC	2	2	-1	-1	3	2	1	32	2	1	2	2	-1	-1	-1	-1	1	2	-1	1	2	6	1	1	1	1	2	1	5	1	1	2	1	-1	1	2	5	2	-1	4	-1	2	-1	-1	-1	1	1	2	2	2	3	2	3	-1	2	-1	1	1	-1	2	2	2	2	2	4	2
TCGA-DU-7290	2	-1	-1	-1	2	-1	1	45	-1	1	2	-1	6	-1	-1	-1	-1	-1	-1	2	-1	6	2	1	-1	5	2	2	-1	2	1	1	1	-1	1	1	3	2	-1	4	-1	2	-1	-1	2	1	1	-1	-1	-1	1	1	3	-1	1	9	2	2	-1	5	-1	1	2	2	4	-1
TCGA-DU-A7TA	2	2	-1	-1	3	2	1	32	2	1	2	1	-1	-1	1	-1	2	2	2	1	1	4	2	1	2	2	2	1	7	1	1	2	2	-1	1	1	6	2	-1	4	4	2	2	4	2	1	1	2	2	1	3	7	2	-1	2	-1	1	2	-1	4	2	1	2	2	4	2
TCGA-DU-6394	2	-1	-1	-1	4	-1	2	53	-1	1	2	-1	14	-1	-1	-1	-1	-1	-1	1	-1	-1	2	1	1	6	-1	2	-1	2	1	-1	-1	-1	1	1	1	-1	-1	4	-1	2	-1	-1	2	1	1	-1	-1	-1	-1	2	2	-1	1	10	2	-1	-1	1	-1	-1	2	-1	4	-1
TCGA-DU-A7TJ	2	2	1	-1	3	1	1	55	1	1	2	-1	-1	-1	-1	-1	-1	-1	-1	1	-1	1	1	2	2	5	-1	1	-1	1	1	-1	1	-1	1	2	3	1	-1	4	-1	2	-1	-1	2	1	1	-1	-1	-1	4	1	3	1	1	-1	2	-1	2	5	-1	-1	2	1	4	-1
TCGA-DU-7298	2	-1	-1	-1	2	1	3	38	1	1	2	-1	12	-1	-1	-1	-1	-1	-1	2	-1	6	2	2	1	5	2	2	7	2	1	2	1	-1	1	1	3	2	-1	4	1	2	-1	-1	2	1	1	-1	-1	-1	1	1	3	-1	1	6	2	2	-1	5	-1	1	2	2	4	-1
TCGA-DU-A7TI	2	2	-1	-1	2	-1	3	32	1	1	2	1	-1	-1	-1	-1	-1	1	-1	1	1	1	2	1	1	5	2	2	-1	2	1	2	2	-1	1	1	3	1	-1	4	-1	2	-1	1	-1	1	1	-1	-1	-1	2	2	3	-1	1	-1	2	1	-1	5	-1	2	2	2	4	-1
TCGA-E1-A7YU	2	1	-1	-1	3	-1	-1	42	1	1	2	1	-1	-1	-1	-1	1	-1	-1	1	2	6	2	1	-1	3	2	2	-1	2	1	1	1	-1	1	1	2	-1	-1	4	-1	2	-1	-1	2	1	1	2	1	-1	4	2	1	-1	1	-1	2	2	2	3	2	2	2	2	4	-1
TCGA-E1-A7YV	2	1	1	-1	3	1	3	26	2	1	2	1	-1	4	-1	-1	2	1	2	2	1	6	2	1	1	3	2	2	5	2	1	2	1	-1	1	1	2	2	-1	4	4	2	2	1	2	1	1	2	2	2	1	2	1	1	1	-1	2	2	1	3	2	2	2	1	4	2
TCGA-E1-A7YW	2	1	-1	-1	2	-1	3	28	1	1	2	2	-1	-1	-1	-1	2	1	2	1	2	1	2	1	1	3	2	2	5	2	1	2	2	-1	1	1	2	1	-1	4	4	2	2	1	2	1	1	2	2	2	2	5	1	-1	2	-1	2	2	2	3	2	2	2	2	4	2
TCGA-DU-6396	2	-1	-1	-1	4	-1	1	31	-1	1	2	-1	14	-1	-1	-1	2	-1	-1	2	-1	5	2	1	1	3	1	2	5	2	1	1	1	-1	1	1	2	2	-1	4	4	2	-1	-1	2	1	1	-1	2	-1	1	2	1	-1	1	10	2	2	-1	3	-1	2	2	2	4	-1
TCGA-E1-A7YS	2	1	-1	-1	3	1	3	71	1	1	2	1	-1	-1	-1	-1	2	2	2	1	1	2	2	2	-1	6	-1	2	7	2	1	2	2	-1	1	1	1	2	-1	4	4	2	2	4	2	1	1	2	2	2	1	1	2	-1	1	-1	2	1	2	1	2	2	2	2	4	2
TCGA-E1-A7YY	2	1	-1	-1	3	1	1	27	1	1	2	2	-1	-1	-1	-1	-1	1	2	2	2	1	2	1	1	2	2	2	6	2	1	2	2	-1	1	1	6	1	-1	4	4	2	2	4	2	1	1	1	-1	2	1	2	2	-1	2	-1	2	2	2	4	2	2	2	2	4	2
TCGA-E1-A7YD	2	1	-1	-1	3	-1	3	57	1	1	2	1	-1	-1	-1	-1	2	1	-1	1	1	6	2	1	1	5	2	2	-1	2	1	2	1	-1	1	1	3	1	-1	4	-1	2	-1	4	2	1	1	2	2	-1	1	1	3	-1	1	-1	2	2	2	5	2	2	2	2	4	-1
TCGA-E1-A7YE	2	1	-1	-1	3	2	3	32	1	1	2	1	-1	-1	-1	-1	2	1	2	2	1	1	2	1	1	5	2	2	5	2	1	1	2	-1	1	1	3	1	-1	4	3	2	2	4	2	1	1	2	2	2	1	2	3	-1	1	-1	2	2	-1	5	2	2	2	2	4	2
TCGA-DB-5279	2	-1	-1	-1	2	1	1	59	1	1	2	-1	14	-1	-1	-1	2	-1	2	1	-1	1	2	-1	1	2	2	1	-1	1	-1	2	2	-1	1	1	6	1	-1	4	-1	2	2	-1	2	1	1	2	2	2	3	2	2	-1	2	7	1	2	2	4	2	2	2	-1	4	2
TCGA-DU-7309	2	-1	-1	-1	2	2	3	41	1	1	2	-1	1	-1	-1	-1	1	-1	-1	2	-1	1	1	1	2	6	1	1	5	1	1	1	1	-1	1	2	1	1	-1	4	4	2	-1	-1	2	1	1	-1	1	-1	4	2	2	-1	1	9	2	2	-1	1	-1	1	2	2	4	-1
TCGA-DB-5277	2	-1	-1	17	2	2	3	34	1	1	2	-1	14	-1	-1	-1	1	-1	1	1	-1	1	2	1	1	5	2	2	-1	2	1	2	1	-1	1	1	3	1	-1	4	-1	2	-1	-1	2	1	1	2	2	1	1	2	3	-1	1	3	2	2	2	5	1	2	2	-1	4	1
TCGA-E1-A7YM	2	1	1	-1	3	1	3	63	2	1	2	1	-1	-1	-1	-1	1	1	2	1	1	6	2	1	1	5	2	2	7	2	1	2	1	-1	1	1	3	1	-1	4	4	2	2	1	2	1	1	2	2	2	3	1	3	1	1	-1	2	1	2	5	2	2	2	1	4	2
TCGA-E1-A7YN	2	1	1	-1	3	1	1	63	1	1	2	1	-1	-1	-1	-1	1	1	2	2	1	4	2	1	1	5	2	2	7	2	1	1	2	-1	1	1	3	2	-1	4	4	2	2	4	2	1	1	2	2	2	1	1	3	2	1	-1	2	2	2	5	2	1	2	1	3	2
TCGA-E1-A7YO	2	1	-1	-1	3	-1	1	45	1	1	2	1	-1	-1	-1	-1	-1	1	2	1	2	1	2	1	1	6	2	2	6	2	1	2	2	-1	1	1	1	1	-1	4	3	2	2	4	2	1	1	2	-1	2	1	2	2	-1	1	-1	2	2	2	1	2	2	2	2	4	2
TCGA-DB-5273	2	-1	-1	-1	2	2	1	33	1	1	2	-1	14	-1	-1	-1	2	-1	2	1	-1	1	2	1	2	5	1	1	-1	1	1	2	2	-1	1	1	3	1	-1	4	-1	2	2	-1	2	1	1	2	2	2	1	2	3	-1	1	4	1	2	2	5	2	2	2	2	4	2
TCGA-E1-A7YI	2	1	-1	-1	3	-1	1	33	1	1	2	2	-1	-1	-1	-1	1	1	-1	2	2	5	2	1	1	5	1	2	7	2	1	1	2	-1	1	1	3	2	-1	4	4	2	-1	-1	2	1	1	2	2	-1	4	7	3	-1	1	-1	2	2	2	5	2	1	2	2	4	-1
TCGA-E1-A7YJ	2	1	-1	-1	4	1	1	55	1	1	2	1	-1	-1	-1	-1	2	1	-1	1	1	5	2	1	1	5	1	2	7	2	1	2	1	-1	1	1	3	2	-1	4	4	2	-1	4	2	1	1	2	2	-1	1	2	3	-1	1	-1	2	2	2	5	2	2	2	2	4	-1
TCGA-E1-A7YK	2	1	-1	-1	2	1	3	52	1	1	2	1	-1	-1	-1	-1	2	2	-1	1	1	1	2	1	-1	5	2	2	5	2	1	2	2	-1	1	1	3	1	-1	4	4	2	-1	4	2	1	1	2	2	-1	1	1	3	-1	1	-1	-1	2	-1	5	2	2	2	2	4	-1
TCGA-HW-A5KK	2	1	-1	-1	4	1	1	64	-1	1	2	1	-1	-1	-1	-1	-1	2	-1	1	1	-1	1	1	-1	5	-1	2	-1	2	-1	-1	-1	-1	1	2	3	1	-1	4	-1	2	-1	1	2	1	1	-1	-1	-1	-1	1	3	-1	1	-1	2	-1	-1	5	-1	-1	2	-1	4	-1
TCGA-TQ-A8XE	2	1	-1	-1	4	2	3	42	2	1	2	2	-1	-1	-1	1	2	1	-1	2	2	6	2	1	1	2	1	2	4	2	2	1	1	-1	1	2	6	2	-1	4	1	2	2	3	2	1	1	2	2	2	2	1	2	-1	2	-1	2	2	2	4	2	2	2	-1	4	2
TCGA-HT-7620	2	-1	-1	-1	4	1	3	40	1	1	2	-1	4	-1	-1	-1	2	-1	2	1	-1	6	2	1	1	6	1	1	-1	1	1	1	1	-1	1	1	1	2	-1	4	-1	1	2	-1	2	1	1	2	2	1	1	2	2	-1	1	9	1	2	2	1	2	1	1	2	4	2
TCGA-HT-8558	2	-1	-1	-1	3	1	3	29	1	1	2	2	6	-1	-1	-1	-1	2	2	2	2	1	2	1	2	2	2	1	-1	1	1	2	1	-1	1	1	6	1	-1	4	-1	2	2	2	2	1	1	2	-1	2	4	1	2	-1	2	6	1	2	-1	4	-1	2	2	-1	4	2
TCGA-DU-6404	1	2	-1	5	3	2	1	24	1	1	1	-1	-1	-1	-1	-1	1	-1	1	2	-1	1	2	1	1	2	2	2	6	2	1	2	2	-1	1	1	6	1	1	4	3	2	2	-1	2	1	1	2	2	2	4	2	2	-1	1	-1	2	2	-1	1	2	2	2	2	4	2
TCGA-DU-6405	2	-1	-1	-1	3	2	1	51	1	1	2	-1	14	-1	-1	-1	-1	-1	-1	2	-1	1	2	1	1	5	-1	2	5	2	1	-1	-1	-1	1	1	3	1	-1	4	3	2	-1	-1	2	1	1	-1	-1	-1	1	2	3	-1	1	9	2	-1	-1	5	-1	-1	2	2	4	-1
TCGA-DU-6406	2	-1	-1	-1	3	-1	3	59	-1	1	2	-1	10	-1	-1	-1	-1	-1	-1	2	-1	5	2	1	-1	3	1	2	-1	2	1	1	2	-1	1	1	2	2	-1	4	-1	2	-1	-1	2	1	1	-1	-1	-1	2	2	1	-1	1	6	-1	2	-1	3	-1	1	2	2	4	-1
TCGA-DU-6407	2	-1	-1	-1	3	2	1	35	1	1	2	-1	6	-1	-1	-1	2	-1	-1	2	-1	1	2	1	1	2	2	2	5	2	1	2	2	-1	1	1	6	1	-1	4	3	2	-1	-1	2	1	1	-1	2	-1	-1	-1	2	-1	2	6	2	2	-1	4	-1	2	2	2	4	-1
TCGA-DU-6400	2	-1	-1	-1	3	1	3	66	1	1	2	-1	13	-1	-1	-1	-1	-1	-1	2	-1	2	2	1	-1	2	1	2	-1	2	1	2	1	-1	1	1	6	2	-1	4	-1	2	-1	-1	2	1	1	-1	-1	-1	2	1	2	-1	2	6	2	1	-1	4	-1	2	2	2	4	-1
TCGA-DU-6401	2	-1	-1	-1	3	1	3	31	1	1	2	-1	6	-1	-1	-1	-1	-1	-1	2	-1	6	2	1	1	2	2	2	-1	2	1	2	1	-1	1	1	6	2	-1	4	-1	2	-1	-1	2	1	1	-1	-1	-1	3	2	2	-1	2	6	2	2	-1	4	-1	1	2	2	4	-1
TCGA-DU-6402	2	-1	-1	-1	3	-1	1	52	-1	1	2	-1	14	-1	-1	-1	-1	-1	-1	1	-1	1	2	1	1	5	-1	2	-1	2	1	-1	-1	-1	1	1	3	1	-1	4	-1	2	-1	-1	2	1	1	-1	-1	-1	1	2	3	-1	1	6	2	-1	-1	5	-1	-1	2	2	4	-1
TCGA-DU-6403	2	-1	-1	-1	3	1	1	60	-1	1	2	-1	13	-1	-1	-1	-1	-1	-1	2	-1	6	2	1	-1	3	2	2	5	2	1	2	1	-1	1	1	2	2	-1	4	3	2	-1	-1	2	1	1	-1	-1	-1	1	1	1	-1	1	6	2	2	-1	3	-1	2	2	2	4	-1
TCGA-DU-6408	2	-1	-1	-1	3	1	1	23	1	1	2	-1	14	-1	-1	-1	-1	-1	-1	2	-1	5	2	1	1	6	1	2	5	2	1	2	2	-1	1	1	1	1	-1	4	3	2	-1	-1	2	1	1	-1	2	-1	1	2	2	-1	1	6	-1	1	-1	1	-1	2	2	2	4	-1
TCGA-S9-A7R8	2	2	-1	-1	3	1	1	44	1	1	2	2	-1	-1	-1	1	-1	1	2	2	1	1	2	1	1	5	2	2	5	2	1	2	2	-1	1	1	3	1	-1	4	1	2	2	1	2	1	1	2	-1	2	4	2	3	-1	1	-1	2	2	-1	5	2	2	2	2	4	2
TCGA-S9-A7R3	2	2	-1	-1	2	2	3	28	2	1	2	2	-1	-1	-1	2	-1	1	2	2	2	6	2	1	1	1	2	1	6	1	1	2	1	-1	1	1	5	2	-1	4	1	2	2	3	2	1	1	2	-1	2	3	2	3	-1	2	-1	2	2	-1	2	2	2	2	2	4	2
TCGA-S9-A7R2	2	2	-1	-1	4	2	3	69	1	1	2	2	-1	-1	-1	1	-1	2	2	1	1	1	2	1	-1	5	2	2	5	2	1	2	2	-1	1	1	3	1	-1	4	1	2	2	1	2	1	1	2	-1	2	3	1	3	-1	1	-1	2	2	-1	5	2	2	2	2	4	2
TCGA-S9-A7R1	2	2	-1	-1	3	2	2	35	2	1	2	2	-1	-1	-1	1	-1	1	2	1	1	1	2	1	1	2	2	2	5	2	1	2	2	-1	1	1	6	1	-1	4	1	2	2	4	2	1	1	2	-1	2	3	2	2	-1	2	-1	2	2	-1	4	2	1	2	2	4	2
TCGA-S9-A7R7	2	2	1	-1	2	1	3	27	1	1	2	2	-1	-1	-1	1	-1	1	2	1	1	1	2	1	1	1	2	1	7	1	1	2	2	-1	1	1	5	1	-1	4	1	2	2	1	2	1	1	2	-1	2	1	2	3	1	2	-1	2	2	-1	2	2	2	2	1	4	2
TCGA-S9-A7R4	2	2	1	-1	2	2	3	46	1	1	2	1	-1	-1	-1	1	-1	2	2	1	1	1	2	1	2	5	2	1	5	1	1	2	2	-1	1	1	3	1	-1	4	1	2	2	3	2	1	1	2	-1	2	1	2	3	1	1	-1	2	2	-1	5	2	2	2	1	4	2
TCGA-F6-A8O3	2	1	-1	-1	3	2	-1	34	2	1	2	-1	-1	-1	-1	-1	2	2	2	1	-1	6	1	3	2	2	2	1	-1	1	1	2	1	-1	1	2	6	2	-1	4	-1	2	2	2	2	1	1	2	2	2	-1	2	2	-1	2	-1	1	2	2	4	2	2	2	2	4	2
TCGA-F6-A8O4	2	1	-1	-1	3	2	3	44	2	1	2	-1	-1	-1	-1	-1	2	2	2	1	-1	6	1	3	2	1	2	1	-1	1	1	2	1	-1	1	2	5	2	-1	4	-1	1	2	2	2	1	1	2	2	2	-1	2	3	-1	2	-1	1	2	2	2	2	2	1	2	4	2
TCGA-KT-A74X	2	1	1	-1	3	-1	3	26	-1	1	2	1	-1	-1	-1	-1	2	2	-1	1	1	1	1	1	2	3	1	1	5	1	1	-1	1	-1	1	2	2	1	-1	4	-1	2	1	4	2	1	1	-1	2	2	-1	5	1	1	1	-1	2	1	-1	3	-1	2	2	1	4	2
TCGA-DU-A6S2	2	2	1	-1	2	1	1	37	2	1	2	2	-1	-1	2	-1	1	2	2	2	2	6	1	2	2	2	2	1	4	1	1	2	1	3	1	2	6	2	-1	4	4	2	1	4	2	1	1	2	2	2	4	2	2	1	2	-1	1	2	2	4	1	2	2	1	4	1
TCGA-FG-8191	2	-1	-1	-1	3	-1	1	30	-1	1	2	-1	12	-1	-1	-1	2	-1	2	1	-1	3	1	1	2	6	2	1	-1	1	1	1	2	-1	1	2	1	2	-1	4	-1	2	2	-1	2	1	1	2	2	2	3	2	2	-1	1	8	2	2	2	1	2	2	2	2	4	2
TCGA-P5-A780	2	1	-1	-1	-1	-1	1	44	-1	1	2	-1	-1	-1	-1	-1	-1	-1	-1	2	-1	-1	1	1	2	5	-1	1	-1	1	1	-1	-1	-1	1	2	3	-1	-1	4	-1	2	-1	2	-1	1	1	-1	-1	-1	-1	1	3	-1	1	-1	1	-1	-1	5	-1	-1	2	-1	4	-1
TCGA-P5-A781	2	1	-1	-1	-1	-1	1	34	-1	1	2	-1	-1	-1	-1	-1	-1	-1	-1	2	-1	-1	1	1	2	5	-1	1	-1	1	1	-1	-1	-1	1	2	3	-1	-1	4	-1	2	-1	2	-1	1	1	-1	-1	-1	-1	1	3	-1	1	-1	1	-1	-1	5	-1	-1	2	-1	4	-1
TCGA-IK-8125	2	-1	-1	-1	-1	1	3	62	1	1	2	-1	6	-1	2	2	1	-1	2	1	-1	1	1	1	2	3	2	1	-1	1	1	2	2	-1	1	2	2	1	-1	4	4	2	-1	-1	2	1	1	2	2	-1	1	2	1	-1	1	9	1	2	-1	3	1	2	2	-1	2	-1
TCGA-HT-7691	2	-1	-1	-1	3	2	1	31	2	1	2	-1	14	-1	-1	-1	2	-1	2	2	-1	6	2	1	2	1	2	1	-1	1	1	2	1	-1	1	1	5	2	-1	4	-1	2	2	-1	2	1	1	2	2	2	3	4	3	-1	2	2	1	2	-1	2	2	1	2	2	4	2
TCGA-HT-7690	2	-1	-1	-1	4	-1	1	29	-1	1	2	-1	1	-1	-1	-1	2	-1	2	1	-1	6	2	1	2	3	2	1	-1	1	1	2	1	-1	1	1	2	2	-1	4	-1	2	2	-1	2	1	1	2	2	2	4	2	1	-1	1	8	-1	1	-1	3	2	2	2	2	4	2
TCGA-HT-7693	2	-1	-1	-1	-1	-1	1	51	-1	1	2	-1	14	-1	-1	-1	1	-1	2	2	-1	1	2	1	2	2	1	1	5	1	1	2	1	-1	1	1	6	1	-1	4	3	2	2	-1	2	1	1	1	2	2	1	2	2	-1	2	8	-1	2	-1	4	2	2	2	-1	4	2
TCGA-HT-7692	2	-1	-1	-1	-1	1	3	43	1	1	2	-1	6	-1	-1	-1	1	-1	2	1	-1	1	2	1	2	3	2	1	6	1	1	2	1	-1	1	1	2	1	-1	4	4	2	2	-1	2	1	1	2	1	2	1	2	1	-1	2	6	-1	1	-1	3	2	2	2	-1	4	2
TCGA-HT-7695	2	-1	-1	-1	4	-1	3	29	-1	1	2	-1	1	-1	-1	-1	1	-1	2	2	-1	1	2	1	2	2	2	1	-1	1	1	2	2	-1	1	1	6	1	-1	4	-1	2	2	-1	2	1	1	2	2	2	4	2	2	-1	2	8	-1	2	-1	4	2	2	2	2	4	2
TCGA-HT-7694	2	-1	-1	-1	4	1	1	60	2	1	2	-1	1	-1	-1	-1	1	-1	2	1	-1	5	2	1	2	6	1	1	5	1	1	2	2	-1	1	1	1	2	-1	4	-1	2	2	-1	2	1	1	2	2	2	1	2	2	-1	1	6	-1	1	-1	1	2	2	2	2	4	2
TCGA-VW-A8FI	2	1	-1	-1	4	2	3	66	2	1	2	1	-1	-1	-1	-1	2	2	2	1	1	2	1	1	-1	5	2	2	-1	2	1	2	2	-1	1	2	3	2	-1	4	-1	2	2	4	2	1	1	2	2	2	4	1	3	-1	1	-1	2	1	2	5	2	2	2	2	4	2
TCGA-P5-A5EZ	2	1	-1	-1	3	-1	3	39	-1	1	2	-1	-1	-1	-1	-1	-1	2	-1	1	-1	1	1	1	2	5	-1	1	-1	1	1	-1	1	2	1	2	3	1	-1	4	-1	2	1	-1	2	1	1	-1	-1	-1	4	2	3	-1	1	-1	1	-1	-1	5	-1	-1	2	2	4	-1
TCGA-W9-A837	2	2	-1	-1	3	-1	1	47	1	1	2	2	-1	-1	-1	1	2	2	-1	1	2	1	2	1	2	2	2	1	-1	1	1	2	2	-1	1	1	6	1	-1	4	-1	2	-1	4	2	1	1	2	2	2	3	2	2	-1	2	-1	2	2	-1	4	2	2	2	2	4	2
TCGA-DU-7018	2	-1	-1	-1	3	-1	1	57	1	1	2	-1	14	-1	-1	-1	-1	-1	-1	2	-1	1	2	1	1	6	2	2	5	2	1	2	2	-1	1	1	1	1	-1	4	4	2	-1	-1	2	1	1	-1	-1	-1	3	2	2	-1	1	6	2	1	-1	1	-1	2	2	1	4	-1
TCGA-DU-7019	2	-1	-1	-1	2	1	1	39	1	1	2	-1	14	-1	-1	-1	-1	-1	-1	1	-1	6	1	1	2	3	2	1	6	1	1	2	1	-1	1	2	2	2	-1	4	4	2	-1	-1	2	1	1	-1	-1	-1	1	1	1	-1	-1	10	1	2	-1	3	-1	1	2	2	4	-1
TCGA-S9-A6WN	2	2	1	-1	2	1	3	38	1	1	2	1	-1	-1	-1	1	-1	2	2	2	1	1	2	1	1	5	2	1	5	1	1	1	2	-1	1	1	3	1	-1	4	1	2	2	1	2	1	1	2	-1	2	1	2	3	2	1	-1	2	2	-1	5	2	2	2	1	4	2
TCGA-CS-5390	2	-1	-1	-1	2	2	1	47	-1	1	2	-1	13	-1	-1	2	2	-1	-1	2	-1	3	2	1	-1	2	1	2	6	2	-1	1	-1	-1	1	1	6	2	-1	4	3	1	-1	-1	2	1	1	2	2	2	-1	5	2	-1	2	7	1	2	-1	4	2	-1	1	2	4	2
TCGA-S9-A6WI	2	2	-1	-1	4	2	1	56	2	1	2	2	-1	-1	-1	2	-1	2	2	2	1	6	2	1	2	3	2	1	6	1	1	2	1	-1	1	1	2	2	-1	4	1	2	2	3	2	1	1	2	-1	1	-1	2	1	-1	2	-1	2	1	-1	3	2	2	2	2	4	2
TCGA-DU-7012	2	-1	-1	-1	3	-1	3	74	-1	1	2	-1	14	-1	-1	-1	-1	-1	-1	2	-1	2	2	2	-1	5	2	2	-1	2	1	2	2	-1	1	1	3	1	-1	4	-1	2	-1	-1	2	1	1	-1	-1	-1	1	1	3	-1	1	1	2	1	-1	5	-1	2	2	2	4	-1
TCGA-DU-7013	2	-1	-1	-1	4	1	3	59	1	1	2	-1	14	-1	-1	-1	-1	-1	-1	1	-1	1	2	1	1	5	2	2	7	2	1	2	2	-1	1	1	3	1	-1	4	4	2	-1	-1	2	1	1	-1	-1	-1	4	1	3	-1	1	6	2	2	-1	5	-1	2	2	2	4	-1
TCGA-DU-7014	2	-1	-1	-1	4	1	1	59	1	1	2	-1	14	-1	-1	-1	-1	-1	-1	1	-1	1	2	1	1	2	2	2	6	2	1	2	1	-1	1	1	6	1	-1	4	1	2	-1	-1	2	1	1	-1	-1	-1	1	2	2	-1	2	9	2	2	-1	4	-1	2	2	1	4	-1
TCGA-DU-7015	2	-1	-1	-1	2	1	1	41	1	1	2	-1	14	-1	-1	-1	1	-1	-1	2	-1	1	2	1	1	2	2	1	5	1	1	2	2	-1	1	1	6	1	-1	4	4	2	-1	-1	2	1	1	-1	2	-1	1	1	2	-1	2	1	2	2	-1	4	-1	2	2	2	4	-1
TCGA-CS-5396	2	-1	-1	-1	2	-1	1	53	-1	1	2	-1	1	-1	-1	1	1	-1	-1	2	-1	6	2	1	2	6	2	1	5	1	1	-1	1	-1	1	1	1	2	-1	4	1	1	-1	-1	2	1	1	2	1	-1	-1	2	2	-1	1	2	2	2	2	1	2	-1	1	2	4	-1
TCGA-CS-5397	2	-1	-1	-1	2	2	3	54	2	1	2	-1	13	-1	-1	1	1	-1	2	2	-1	3	2	1	-1	5	1	2	7	2	1	1	2	-1	1	1	3	2	-1	4	1	1	2	-1	2	1	1	2	2	2	-1	1	3	-1	1	6	2	2	-1	5	2	2	1	2	4	2
TCGA-FG-A87N	2	1	1	-1	3	-1	3	37	-1	1	2	1	-1	-1	-1	-1	2	2	2	2	1	1	1	3	2	5	1	1	-1	1	1	-1	1	-1	1	2	3	1	-1	4	-1	2	-1	4	2	1	1	2	2	2	1	2	3	1	1	-1	2	-1	2	5	2	1	2	1	3	2
TCGA-HT-A5RA	2	1	-1	-1	3	-1	1	65	-1	1	2	1	-1	-1	-1	-1	1	2	2	2	1	1	2	1	2	5	2	1	4	1	1	2	2	-1	1	1	3	1	-1	4	3	2	2	3	2	1	1	2	2	2	4	1	3	-1	1	-1	2	2	-1	5	2	2	2	-1	4	2
TCGA-HT-A5RC	2	1	-1	-1	3	-1	3	70	-1	1	2	1	-1	-1	-1	-1	2	2	-1	2	1	2	2	1	-1	5	1	2	2	2	1	2	2	-1	1	1	3	2	-1	4	3	2	-1	1	2	1	1	-1	2	-1	1	2	3	-1	1	-1	2	1	-1	5	-1	2	2	-1	4	-1
TCGA-HT-A5RB	2	1	-1	-1	3	2	1	24	1	1	2	-1	-1	-1	-1	-1	2	-1	-1	1	-1	1	2	1	2	1	2	1	-1	1	2	2	2	-1	1	1	5	1	-1	4	-1	2	-1	-1	2	1	1	2	2	2	1	2	3	-1	2	-1	-1	2	-1	2	2	2	2	-1	4	2
TCGA-R8-A73M	2	1	-1	-1	-1	-1	3	48	-1	1	2	1	-1	-1	-1	-1	1	2	-1	2	2	-1	2	1	2	2	-1	1	-1	1	1	-1	1	-1	1	1	6	-1	-1	4	-1	2	-1	-1	-1	1	1	-1	2	-1	-1	5	2	-1	2	-1	-1	-1	-1	4	-1	1	2	-1	3	-1
TCGA-FG-A87Q	2	1	1	10	4	1	1	61	1	1	2	1	-1	-1	-1	-1	-1	2	1	2	1	1	1	1	2	5	2	1	7	1	1	2	2	-1	1	2	3	1	-1	4	3	2	-1	2	2	1	1	2	-1	2	1	5	3	2	1	-1	1	2	2	5	2	2	2	1	4	2
TCGA-CS-6669	2	-1	-1	-1	2	2	1	26	2	1	2	-1	11	-1	-1	1	1	-1	2	2	-1	6	2	1	2	2	2	1	5	1	-1	2	1	-1	1	1	6	1	-1	4	1	1	2	-1	2	1	1	2	2	2	4	1	2	-1	2	5	2	2	-1	4	2	2	1	2	4	2
TCGA-CS-6668	2	-1	-1	-1	2	2	3	57	2	1	2	-1	13	-1	-1	1	1	-1	2	2	-1	1	2	1	2	2	1	1	5	1	1	2	2	-1	1	1	6	1	-1	4	1	1	2	-1	2	1	1	2	2	2	3	2	2	-1	2	6	2	2	-1	4	2	2	1	2	4	2
TCGA-HT-8104	2	-1	-1	-1	4	2	3	51	2	1	2	-1	12	-1	-1	-1	2	-1	2	2	-1	5	2	1	2	5	1	1	-1	1	1	2	2	-1	1	1	3	2	-1	4	-1	2	2	-1	2	1	1	2	2	2	1	2	3	-1	1	8	1	2	2	5	2	2	2	2	4	2
TCGA-HT-8105	2	-1	-1	-1	3	2	1	54	2	1	2	-1	14	-1	-1	-1	2	-1	2	1	-1	2	2	1	2	6	1	1	-1	1	1	2	2	-1	1	1	1	1	-1	4	-1	2	2	-1	2	1	1	2	2	2	4	2	2	-1	1	10	-1	1	2	1	2	2	2	2	4	2
TCGA-HT-8106	2	-1	-1	-1	3	2	2	53	2	1	2	-1	1	-1	-1	-1	2	-1	2	1	-1	1	2	1	2	5	2	1	-1	1	1	2	2	-1	1	1	3	1	-1	4	-1	2	2	-1	2	1	1	2	2	2	1	2	3	-1	1	6	-1	2	2	5	2	2	2	2	4	2
TCGA-HT-8107	2	-1	-1	-1	3	2	3	62	1	1	2	-1	13	-1	-1	-1	2	-1	2	1	-1	2	2	1	2	2	2	1	-1	1	1	2	2	-1	1	1	6	1	-1	4	-1	2	2	-1	2	1	1	2	2	2	1	5	2	-1	2	7	-1	1	2	4	2	2	2	2	4	2
TCGA-CS-6665	2	-1	-1	6	2	2	1	51	2	1	2	-1	6	-1	-1	1	2	-1	1	2	-1	1	2	1	2	5	2	1	5	1	1	2	2	-1	1	1	3	1	-1	4	1	1	2	-1	2	1	1	2	2	2	1	1	3	-1	1	5	2	2	-1	5	2	2	1	2	2	2
TCGA-HT-8109	2	-1	-1	-1	4	1	1	64	1	1	2	-1	6	-1	-1	-1	2	-1	2	1	-1	2	2	1	2	6	2	1	-1	1	2	2	2	-1	1	1	1	2	-1	4	-1	2	2	-1	2	1	1	2	2	2	3	2	2	-1	1	9	1	1	2	1	2	2	2	2	4	2
TCGA-CS-6667	2	-1	-1	-1	2	2	3	39	2	1	2	-1	13	-1	-1	1	1	-1	2	2	-1	5	2	1	2	1	1	1	5	1	1	1	2	-1	1	1	5	2	-1	4	1	1	2	-1	2	1	1	2	2	1	2	5	3	-1	2	5	2	2	-1	2	2	2	1	2	4	1
TCGA-CS-6666	2	-1	-1	-1	2	2	1	22	2	1	2	-1	1	-1	-1	1	1	-1	2	1	-1	6	2	1	2	5	2	1	5	1	1	2	1	-1	1	1	3	2	-1	4	1	1	2	-1	2	1	1	2	2	2	-1	5	3	-1	1	7	2	2	-1	5	2	2	1	2	4	2
TCGA-FG-6688	2	-1	-1	-1	3	1	3	59	1	1	2	-1	14	-1	-1	-1	1	-1	2	2	-1	1	1	2	1	5	2	1	7	1	1	1	2	-1	1	2	3	1	-1	4	4	2	2	-1	2	1	1	2	2	2	1	5	3	-1	1	2	2	2	2	5	2	1	2	2	4	2
TCGA-FG-6689	2	-1	-1	-1	3	1	1	30	2	1	2	-1	14	-1	3	-1	1	-1	2	1	-1	6	1	1	1	1	2	1	4	1	1	2	1	2	1	2	5	2	-1	4	1	2	1	-1	2	1	1	2	2	1	4	2	3	-1	2	10	2	1	2	2	2	1	2	2	4	1
TCGA-HT-7479	2	-1	-1	-1	4	2	1	44	2	1	2	-1	6	-1	-1	-1	1	-1	2	1	-1	6	2	1	1	5	2	1	-1	1	1	2	1	-1	1	1	3	2	-1	4	-1	1	2	-1	2	1	1	2	1	1	3	2	3	-1	1	9	1	2	2	5	2	2	1	2	4	2
TCGA-HT-7478	2	-1	-1	-1	4	2	3	36	1	1	2	-1	6	-1	-1	-1	-1	-1	2	1	-1	1	2	1	2	1	1	1	-1	1	1	1	1	-1	1	1	5	1	-1	4	-1	2	2	-1	2	1	1	2	-1	2	3	2	3	-1	2	6	1	1	2	2	2	2	2	2	4	2
TCGA-FG-A6IZ	2	1	1	-1	2	2	3	60	1	1	2	2	-1	-1	2	-1	2	2	2	1	1	1	1	1	2	2	1	1	-1	1	1	2	2	-1	1	2	6	1	-1	4	-1	2	2	2	2	1	1	2	2	1	1	4	2	1	2	-1	1	2	2	4	2	2	2	1	4	2
TCGA-HT-7471	2	-1	-1	-1	3	2	3	37	1	1	2	-1	1	-1	-1	-1	-1	-1	2	2	-1	5	2	1	2	6	1	1	-1	1	1	2	2	-1	1	1	1	1	-1	4	-1	1	2	-1	2	1	1	2	-1	2	1	1	2	-1	1	7	1	2	-1	1	2	2	1	-1	4	2
TCGA-HT-7470	2	-1	-1	-1	4	2	1	37	2	1	2	-1	14	-1	-1	2	2	-1	2	1	-1	6	2	1	-1	6	2	2	5	2	1	1	1	-1	1	1	1	1	-1	4	3	1	2	-1	2	1	1	2	2	2	3	1	2	-1	1	2	1	2	-1	1	2	1	1	2	4	2
TCGA-HT-7473	2	-1	-1	-1	4	1	1	28	1	1	2	-1	5	-1	-1	-1	2	-1	2	1	-1	6	2	1	2	3	1	1	-1	1	2	2	1	-1	1	1	2	2	-1	4	-1	1	2	-1	2	1	1	2	2	2	1	1	1	-1	2	6	-1	2	-1	3	2	2	1	2	4	2
TCGA-HT-7472	2	-1	-1	-1	2	2	1	38	1	1	2	-1	14	-1	-1	-1	2	-1	2	1	-1	1	2	1	2	2	2	1	-1	1	1	2	2	-1	1	1	6	1	-1	4	-1	2	2	-1	2	1	1	2	2	2	2	2	2	-1	2	10	-1	2	2	4	2	2	2	2	4	2
TCGA-HT-7475	2	-1	-1	-1	4	2	1	67	2	1	2	-1	3	-1	-1	-1	1	-1	2	1	-1	1	2	1	2	3	2	1	4	1	1	2	2	-1	1	1	2	1	-1	4	3	1	2	-1	2	1	1	2	2	2	1	2	1	-1	1	1	1	2	2	3	2	2	1	2	4	2
TCGA-HT-7474	2	-1	-1	-1	3	2	1	52	1	1	2	-1	1	-1	-1	-1	1	-1	2	1	-1	1	2	1	2	3	1	1	-1	1	1	2	2	-1	1	1	2	1	-1	4	-1	2	2	-1	2	1	1	2	2	2	1	2	1	-1	2	2	-1	2	2	3	2	2	2	2	4	2
TCGA-HT-7477	2	1	-1	-1	3	-1	3	62	-1	2	2	1	-1	-1	-1	-1	2	2	2	1	1	5	2	1	2	5	1	1	7	1	1	2	2	-1	1	1	3	1	-1	4	3	2	2	2	2	1	1	2	2	2	4	2	3	-1	1	-1	1	2	-1	5	2	2	2	-1	4	2
TCGA-HT-7476	2	-1	-1	-1	2	2	3	26	1	1	2	-1	12	-1	-1	-1	1	-1	2	1	-1	1	2	1	2	1	2	1	-1	1	2	1	1	-1	1	1	5	1	-1	4	-1	2	2	-1	2	1	1	2	2	2	4	1	3	-1	2	5	1	1	2	2	2	2	2	2	4	2
TCGA-HT-A5R5	2	1	-1	-1	3	-1	3	33	-1	1	2	-1	-1	-1	-1	-1	2	-1	-1	2	-1	1	2	1	2	2	1	1	-1	1	2	2	-1	-1	1	1	6	1	-1	4	-1	2	-1	2	2	1	1	-1	2	-1	4	1	2	-1	2	-1	1	2	-1	4	-1	2	2	-1	4	-1
TCGA-HT-A5R7	2	1	-1	-1	3	-1	1	33	1	1	2	1	-1	-1	-1	-1	1	2	-1	2	1	1	2	1	2	5	1	1	5	1	1	2	2	-1	1	1	3	1	-1	4	3	2	-1	2	2	1	1	-1	2	-1	1	5	3	-1	1	-1	1	2	-1	5	-1	2	2	1	4	-1
TCGA-HW-8321	2	-1	-1	-1	-1	1	3	31	-1	1	2	2	14	-1	-1	-1	-1	2	-1	1	2	-1	1	1	2	1	-1	1	-1	1	1	-1	-1	-1	1	2	5	2	-1	4	-1	2	-1	-1	2	1	1	-1	-1	-1	-1	2	3	-1	1	6	2	-1	-1	2	-1	-1	2	-1	4	-1
TCGA-HW-8320	2	-1	2	-1	-1	1	1	36	-1	1	2	1	14	-1	-1	-1	-1	2	-1	1	1	-1	1	1	2	5	-1	1	-1	1	1	-1	-1	-1	1	2	3	1	-1	4	-1	2	-1	4	2	1	1	-1	-1	-1	-1	5	3	-1	1	10	2	-1	-1	5	-1	-1	2	1	4	-1
TCGA-HW-8322	2	-1	-1	-1	-1	2	3	39	-1	1	2	2	1	-1	-1	-1	-1	2	-1	1	2	-1	1	1	2	2	-1	1	-1	1	1	-1	-1	-1	1	2	6	1	-1	4	-1	2	-1	4	2	1	1	-1	-1	-1	-1	2	2	-1	2	6	2	-1	-1	4	-1	-1	2	-1	4	-1
TCGA-HT-7677	2	-1	-1	-1	4	2	3	53	2	1	2	-1	4	-1	-1	-1	2	-1	2	1	-1	5	2	1	2	6	1	1	-1	1	1	2	2	-1	1	1	1	2	-1	4	-1	2	2	-1	2	1	1	2	2	2	3	2	2	-1	1	8	-1	1	2	1	2	2	2	2	4	2
TCGA-HT-7676	2	-1	-1	-1	3	-1	3	26	-1	1	2	-1	5	-1	-1	-1	-1	-1	-1	1	-1	6	2	1	2	2	2	1	-1	1	1	2	1	-1	1	1	6	1	-1	4	-1	2	-1	-1	2	1	1	-1	-1	-1	1	2	2	-1	2	7	1	2	-1	4	-1	2	2	-1	4	-1
TCGA-HT-A5R9	2	1	-1	-1	3	-1	1	48	-1	1	2	-1	-1	-1	-1	-1	2	-1	-1	2	-1	1	2	1	2	6	2	1	-1	1	1	2	2	-1	1	1	1	1	-1	4	-1	2	-1	-1	2	1	1	2	2	2	1	2	2	-1	1	-1	-1	2	-1	1	2	2	2	2	4	2
TCGA-CS-4938	2	-1	-1	-1	-1	-1	-1	-1	-1	2	2	-1	13	-1	-1	-1	-1	-1	-1	-1	-1	-1	-1	-1	-1	1	-1	-1	-1	-1	-1	-1	-1	-1	-1	-1	5	-1	-1	-1	-1	-1	-1	-1	-1	-1	-1	-1	-1	-1	-1	-1	-1	-1	-1	4	-1	-1	-1	-1	-1	-1	-1	-1	-1	-1
TCGA-HW-7493	2	-1	-1	-1	4	1	1	40	-1	1	2	-1	6	-1	-1	-1	-1	-1	-1	2	-1	-1	-1	1	2	1	-1	1	-1	1	1	-1	-1	-1	1	-1	5	1	-1	4	-1	2	-1	-1	2	1	1	-1	-1	-1	-1	1	3	-1	2	8	2	-1	-1	2	-1	-1	2	2	4	-1
TCGA-HW-7490	2	-1	-1	-1	4	2	3	41	-1	1	2	-1	4	-1	-1	-1	-1	-1	-1	1	-1	-1	-1	1	2	1	-1	1	-1	1	1	-1	-1	-1	1	-1	5	2	-1	4	-1	2	-1	-1	2	1	1	-1	-1	-1	-1	7	3	1	2	8	2	-1	-1	2	-1	-1	2	1	2	-1
TCGA-HW-7491	2	-1	-1	-1	4	2	1	35	-1	1	2	-1	12	-1	-1	-1	-1	-1	-1	1	-1	-1	-1	1	1	2	-1	1	-1	1	-1	-1	-1	-1	1	-1	6	2	-1	4	-1	2	-1	-1	2	1	1	-1	-1	-1	-1	2	2	-1	2	6	2	-1	-1	4	-1	-1	2	2	4	-1
TCGA-HW-7495	2	-1	-1	-1	4	2	1	45	-1	1	2	-1	4	-1	-1	-1	-1	-1	-1	2	-1	-1	-1	1	2	2	-1	1	-1	1	1	-1	-1	-1	1	-1	6	1	-1	4	-1	2	-1	-1	2	1	1	-1	-1	-1	-1	2	2	-1	2	1	2	-1	-1	4	-1	-1	2	2	4	-1
TCGA-DU-6410	2	-1	-1	-1	3	-1	2	56	-1	1	2	-1	6	-1	-1	-1	-1	-1	-1	1	-1	2	1	1	2	6	-1	1	1	1	1	-1	-1	-1	1	2	1	-1	-1	4	4	2	-1	-1	2	1	1	-1	-1	-1	1	2	2	-1	1	9	2	1	-1	1	-1	-1	2	2	4	-1
TCGA-CS-4941	2	-1	-1	-1	2	-1	1	67	-1	1	2	-1	10	-1	-1	1	-1	-1	2	1	-1	6	2	1	1	5	-1	2	5	2	1	-1	1	-1	1	1	3	-1	-1	4	1	1	2	-1	2	1	1	2	-1	2	1	2	3	-1	1	3	2	-1	2	5	2	-1	1	2	4	2
TCGA-WY-A85A	2	1	-1	-1	3	1	1	20	1	1	2	2	-1	-1	-1	2	2	2	2	1	2	1	2	1	2	1	2	1	-1	1	-1	2	2	-1	1	1	5	1	-1	4	-1	2	2	3	2	1	1	2	2	2	1	2	3	-1	2	-1	1	2	2	2	2	2	2	2	4	2
TCGA-TM-A7CF	2	2	-1	-1	3	-1	1	41	-1	1	2	2	-1	-1	3	2	2	1	2	2	2	1	2	1	1	1	2	1	6	1	1	2	2	-1	1	1	5	1	-1	4	1	2	2	2	2	1	1	1	2	1	1	2	3	-1	2	-1	2	2	-1	2	2	2	2	2	4	2
TCGA-TQ-A7RR	2	2	-1	-1	2	2	1	38	2	1	2	1	-1	-1	-1	2	2	2	2	1	1	1	2	1	2	3	2	1	6	1	2	2	2	-1	1	1	2	1	-1	4	4	2	2	3	2	1	1	2	2	2	3	5	1	-1	2	-1	1	2	2	3	2	2	2	2	4	2
TCGA-TM-A7CA	2	2	-1	-1	3	-1	3	44	-1	1	2	2	-1	-1	2	2	1	2	2	1	2	1	2	1	2	1	2	1	6	1	1	2	2	-1	1	1	5	1	-1	4	1	2	2	2	2	1	1	1	2	2	1	2	3	-1	2	-1	1	2	2	2	2	2	2	2	4	2
TCGA-TM-A84C	2	2	1	-1	3	-1	2	32	-1	1	2	1	-1	-1	3	1	1	2	2	1	2	4	2	1	-1	1	1	2	7	2	1	1	2	-1	1	1	5	2	-1	4	1	2	2	1	2	1	1	1	2	2	4	6	3	2	2	-1	2	1	-1	2	2	1	2	1	4	2
TCGA-TQ-A7RS	2	2	-1	-1	2	2	3	25	2	1	2	2	-1	-1	-1	2	-1	2	-1	2	2	5	2	1	2	2	1	1	5	1	2	2	2	-1	1	1	6	2	-1	4	1	2	2	2	2	1	1	2	-1	2	3	2	2	-1	2	-1	1	2	2	4	2	2	2	2	4	2
TCGA-P5-A72U	2	1	-1	-1	-1	-1	1	71	-1	1	2	-1	-1	-1	-1	-1	-1	-1	-1	2	-1	-1	1	1	2	6	-1	1	-1	1	1	-1	-1	-1	1	2	1	-1	-1	4	-1	2	-1	-1	-1	1	1	-1	-1	-1	-1	5	2	-1	1	-1	1	-1	-1	1	-1	-1	2	-1	4	-1
TCGA-TM-A84G	2	2	-1	-1	3	-1	1	54	-1	1	2	2	-1	-1	-1	2	2	2	2	2	1	6	2	1	2	6	2	1	6	1	1	2	1	-1	1	1	1	2	-1	4	1	2	2	2	2	1	1	2	2	2	1	2	2	-1	1	-1	1	2	-1	1	2	1	2	2	4	2
TCGA-P5-A72W	2	1	-1	-1	-1	-1	3	35	-1	1	2	-1	-1	-1	-1	-1	-1	-1	-1	1	-1	-1	1	1	2	5	-1	1	-1	1	1	-1	-1	-1	1	2	3	-1	-1	4	-1	2	-1	2	-1	1	1	-1	-1	-1	-1	2	3	-1	1	-1	1	-1	-1	5	-1	-1	2	-1	4	-1
TCGA-TM-A84I	2	2	-1	-1	3	-1	3	30	-1	1	2	2	-1	-1	-1	2	1	2	2	1	1	5	2	1	2	5	1	1	5	1	1	2	2	-1	1	1	3	2	-1	4	1	2	2	2	2	1	1	2	2	2	1	5	3	-1	1	-1	1	2	-1	5	2	2	2	2	4	2
TCGA-TM-A84H	2	2	-1	-1	3	-1	1	44	-1	1	2	2	-1	-1	-1	2	1	2	2	2	1	6	2	1	2	3	2	1	5	1	1	2	1	-1	1	1	2	2	-1	4	1	2	2	2	2	1	1	2	2	2	1	2	1	-1	1	-1	1	1	-1	3	2	2	2	2	4	2
TCGA-P5-A72Z	2	1	-1	-1	-1	-1	3	64	-1	1	2	-1	-1	-1	-1	-1	-1	-1	-1	2	-1	-1	1	1	2	6	-1	1	-1	1	1	-1	-1	-1	1	2	1	-1	-1	4	-1	2	-1	2	-1	1	1	-1	-1	-1	-1	1	2	-1	1	-1	1	-1	-1	1	-1	-1	2	-1	4	-1
TCGA-TM-A84J	2	2	-1	-1	3	-1	3	63	-1	1	2	1	-1	-1	-1	1	2	1	2	1	1	4	2	1	1	6	1	1	7	1	1	2	2	-1	1	1	1	1	-1	4	1	2	2	-1	2	1	1	2	2	2	1	7	2	-1	1	-1	1	1	-1	1	2	1	2	2	4	2
TCGA-TM-A84M	2	2	-1	-1	3	-1	1	40	-1	1	2	1	-1	-1	-1	2	2	2	2	1	1	5	2	1	2	6	1	1	6	1	1	2	2	-1	1	1	1	2	-1	4	1	2	2	2	2	1	1	2	2	2	4	2	2	-1	1	-1	1	2	-1	1	2	2	2	2	4	2
TCGA-DU-7294	2	-1	-1	-1	3	2	1	53	2	1	2	-1	14	-1	-1	-1	-1	-1	-1	2	-1	-1	2	1	2	2	2	1	6	1	1	2	2	-1	1	1	6	2	-1	4	4	2	-1	-1	2	1	1	-1	-1	-1	-1	2	2	-1	2	1	1	2	-1	4	-1	2	2	2	4	-1
TCGA-TM-A84O	2	2	-1	-1	3	-1	1	61	-1	1	2	2	-1	-1	-1	2	-1	2	2	2	1	1	2	1	-1	6	2	2	5	2	1	2	2	-1	1	1	1	1	-1	4	1	2	2	2	2	1	1	2	-1	2	1	4	2	-1	1	-1	2	2	-1	1	2	2	2	2	4	2
TCGA-WY-A85D	2	1	-1	-1	3	1	1	60	2	1	2	2	-1	-1	-1	1	1	1	2	1	2	3	2	1	1	3	2	1	-1	1	-1	1	2	-1	1	1	2	2	-1	4	-1	2	2	3	2	1	1	2	2	2	3	2	1	-1	2	-1	2	2	2	3	2	1	2	2	4	2
TCGA-TM-A84Q	2	2	-1	-1	3	-1	3	31	-1	1	2	2	-1	-1	2	1	2	1	2	1	1	2	2	1	1	1	2	1	7	1	1	2	2	-1	1	1	5	2	-1	4	1	2	2	2	2	1	1	1	2	2	1	1	3	-1	2	-1	1	1	-1	2	2	2	2	2	4	2
TCGA-TM-A84S	2	2	1	-1	3	-1	3	36	-1	1	2	2	-1	-1	-1	1	1	2	2	1	2	1	2	1	2	6	1	1	7	1	1	2	2	-1	1	1	1	1	-1	4	1	2	2	2	2	1	1	2	1	2	4	2	2	1	1	-1	1	2	-1	1	2	1	2	1	4	2
TCGA-TM-A84R	2	2	2	-1	3	-1	3	46	-1	1	2	2	-1	-1	-1	1	2	2	2	1	2	1	2	1	2	2	2	1	7	1	1	2	1	-1	1	1	6	1	-1	4	1	2	2	2	2	1	1	2	2	2	1	2	2	2	2	-1	1	2	-1	4	2	2	2	1	4	2
TCGA-TM-A84T	2	2	1	-1	3	-1	3	19	-1	1	2	2	-1	-1	-1	2	2	2	2	1	2	1	2	1	2	3	2	1	5	1	1	1	2	-1	1	1	2	1	-1	4	1	2	2	4	2	1	1	2	2	2	1	2	1	1	2	-1	2	2	-1	3	2	2	2	1	4	2
TCGA-DU-A7TB	2	2	-1	-1	3	1	1	56	1	1	2	1	-1	-1	-1	-1	2	1	-1	1	-1	1	1	3	1	2	2	1	6	1	1	2	2	-1	1	2	6	1	-1	4	3	2	-1	1	2	1	1	-1	2	-1	1	1	2	-1	2	-1	1	2	-1	4	-1	2	2	2	4	-1
TCGA-TM-A7C5	2	2	-1	-1	3	-1	3	30	-1	1	2	2	-1	-1	3	2	2	2	2	1	1	1	2	1	2	3	2	1	6	1	1	2	2	-1	1	1	2	1	-1	4	1	2	2	2	2	1	1	1	2	2	1	5	1	-1	2	-1	1	2	2	3	2	2	2	2	4	2
TCGA-TM-A7C4	2	2	-1	-1	3	-1	1	39	-1	1	2	2	-1	-1	2	2	2	2	2	2	2	1	2	1	2	1	2	1	5	1	1	2	2	-1	1	1	5	1	-1	4	1	2	2	2	2	1	1	2	2	2	1	1	3	-1	2	-1	1	2	2	2	1	2	2	2	4	-1
TCGA-TM-A7C3	2	2	-1	-1	3	-1	3	43	-1	1	2	2	-1	-1	3	2	1	1	2	2	2	1	2	1	1	5	2	2	5	2	1	2	2	-1	1	1	3	1	-1	4	1	2	2	2	2	1	1	1	2	1	1	1	3	2	1	-1	2	2	2	5	1	2	2	-1	4	2
TCGA-DU-7299	2	-1	-1	-1	3	1	3	33	1	1	2	-1	14	-1	-1	-1	2	-1	-1	1	-1	1	2	1	1	5	2	2	5	2	1	2	2	-1	1	1	3	1	-1	4	4	2	-1	-1	2	1	1	-1	2	-1	4	5	3	-1	1	4	2	2	-1	5	-1	2	2	2	4	-1
TCGA-DU-6392	2	-1	-1	-1	4	-1	1	35	-1	1	2	-1	14	-1	-1	-1	-1	-1	-1	2	-1	1	2	1	1	5	-1	1	-1	1	1	-1	-1	-1	1	1	3	1	-1	4	-1	2	-1	-1	2	1	1	-1	-1	-1	1	5	3	-1	1	9	1	-1	-1	5	-1	-1	2	2	4	-1
TCGA-HT-7902	2	-1	-1	-1	2	2	1	30	2	1	2	-1	6	-1	-1	-1	1	-1	2	2	-1	4	2	1	2	3	2	1	-1	1	1	2	1	-1	1	1	2	2	-1	4	-1	2	2	-1	2	1	1	1	1	2	4	2	1	-1	2	2	1	2	2	3	2	1	2	2	4	2
TCGA-E1-5322	2	-1	-1	-1	3	1	1	38	1	1	2	-1	11	-1	-1	-1	2	-1	-1	2	-1	1	2	1	1	3	-1	2	5	2	1	-1	-1	-1	1	1	2	1	-1	4	3	1	-1	-1	2	1	1	-1	2	-1	-1	1	1	-1	2	5	-1	-1	-1	3	-1	-1	1	-1	4	-1
TCGA-S9-A7IZ	2	2	1	-1	2	2	3	48	1	1	2	2	-1	-1	-1	1	-1	2	2	2	1	1	2	1	1	5	2	1	5	1	1	2	2	-1	1	1	3	1	-1	4	1	2	2	3	2	1	1	2	-1	2	1	2	3	1	1	-1	2	2	-1	5	2	2	2	1	4	2
TCGA-E1-A7YQ	2	1	-1	-1	4	1	1	58	1	1	2	1	-1	-1	-1	-1	-1	1	2	2	1	6	2	2	1	6	2	2	3	2	1	2	1	-1	1	1	1	2	-1	4	3	2	2	4	2	1	1	2	-1	2	2	1	2	-1	1	-1	2	2	2	1	2	1	2	2	4	2
TCGA-P5-A735	2	1	-1	-1	-1	-1	3	38	-1	1	2	-1	-1	-1	-1	-1	-1	-1	-1	2	-1	-1	1	1	2	1	-1	1	-1	1	1	-1	-1	-1	1	2	5	-1	-1	4	-1	2	-1	2	-1	1	1	-1	-1	-1	-1	1	3	-1	2	-1	1	-1	-1	2	-1	-1	2	-1	4	-1
TCGA-S9-A7J3	2	2	1	-1	4	1	3	52	1	1	2	1	-1	-1	-1	2	-1	2	2	2	1	1	2	1	2	6	2	1	6	1	1	2	2	-1	1	1	1	1	-1	4	1	2	2	3	2	1	1	2	-1	2	4	5	2	1	1	-1	2	2	-1	1	2	2	2	1	4	2
TCGA-S9-A7J2	2	2	1	-1	2	2	3	25	1	1	2	1	-1	-1	-1	1	-1	2	2	1	2	2	2	1	2	6	2	1	7	1	1	2	2	-1	1	1	1	1	-1	4	1	2	2	3	2	1	1	2	-1	2	3	2	2	1	1	-1	2	1	-1	1	2	2	2	1	4	2
TCGA-S9-A7J1	2	2	1	-1	2	2	1	43	1	1	2	2	-1	-1	-1	3	-1	2	2	1	2	1	2	1	2	2	2	1	3	1	1	2	2	-1	1	1	6	1	-1	4	1	2	2	3	2	1	1	2	-1	2	4	1	2	1	2	-1	2	2	-1	4	2	2	2	1	4	2
TCGA-S9-A7J0	2	2	1	8	2	2	1	30	1	1	2	1	-1	-1	-1	2	-1	2	1	2	1	1	2	1	1	6	2	1	6	1	1	2	2	-1	1	1	1	1	-1	4	1	2	2	3	2	1	1	2	-1	2	1	2	2	2	1	-1	2	2	-1	1	2	2	2	1	4	2
TCGA-EZ-7264	2	-1	-1	-1	4	1	1	47	1	1	2	-1	1	-1	-1	-1	2	-1	2	2	-1	2	1	1	2	2	2	1	-1	1	1	2	2	-1	1	2	6	1	-1	4	-1	2	2	-1	2	1	1	2	2	2	1	2	2	-1	2	6	2	1	-1	4	2	2	2	-1	4	2
TCGA-FG-A60L	2	2	-1	-1	3	2	3	34	1	1	2	2	-1	-1	-1	2	-1	2	-1	2	2	1	1	1	2	1	2	1	6	1	1	2	2	-1	1	2	5	1	-1	4	2	2	-1	2	2	1	1	2	2	-1	1	1	3	-1	2	-1	1	2	2	2	2	2	2	2	4	-1
TCGA-FG-A60K	2	2	-1	-1	3	2	1	34	2	1	2	2	-1	-1	2	-1	1	2	2	2	2	2	1	1	2	3	2	1	-1	1	1	2	2	2	1	2	2	2	-1	4	-1	2	1	4	2	1	1	2	2	1	1	2	1	-1	2	-1	2	1	2	3	2	2	2	2	3	2
TCGA-FG-A60J	2	2	1	-1	3	2	3	47	1	1	2	2	-1	-1	-1	1	2	2	2	2	2	1	1	1	2	3	2	1	5	1	1	2	2	-1	1	2	2	1	-1	4	1	2	2	2	2	1	1	2	2	2	4	2	1	1	2	-1	1	2	2	3	2	2	2	1	4	2
TCGA-DU-7300	2	-1	-1	-1	3	2	1	53	1	1	2	-1	14	-1	-1	-1	2	-1	-1	2	-1	1	2	1	1	6	2	2	5	2	1	2	2	-1	1	1	1	1	-1	4	4	2	-1	-1	2	1	1	-1	2	-1	1	2	2	-1	1	7	2	2	-1	1	-1	2	2	2	2	-1
TCGA-HT-7874	2	-1	-1	-1	3	1	1	41	1	1	2	-1	14	-1	-1	-1	1	-1	2	2	-1	6	2	1	2	6	2	1	-1	1	1	2	1	-1	1	1	1	1	-1	4	-1	2	2	-1	2	1	1	2	2	2	3	2	2	-1	1	9	1	1	2	1	2	2	2	2	4	2
TCGA-DU-7302	2	-1	-1	-1	3	1	3	48	1	1	2	-1	1	-1	-1	-1	-1	-1	-1	2	-1	1	2	1	1	6	2	1	5	1	1	2	2	-1	1	1	1	1	-1	4	1	2	-1	-1	2	1	1	-1	-1	-1	1	2	2	-1	1	8	2	2	-1	1	-1	2	2	2	4	-1
TCGA-DU-6393	2	-1	-1	-1	4	-1	3	66	-1	1	2	-1	12	-1	-1	-1	-1	-1	-1	1	-1	-1	2	1	-1	6	-1	2	-1	2	1	-1	-1	-1	1	1	1	-1	-1	4	-1	2	-1	-1	2	1	1	-1	-1	-1	-1	7	2	-1	1	6	-1	-1	-1	1	-1	-1	2	2	4	-1
TCGA-DU-7304	1	2	-1	-1	3	1	3	43	1	1	1	-1	-1	-1	-1	-1	2	-1	-1	1	-1	1	2	1	1	3	2	2	7	2	1	2	2	-1	1	1	2	1	-1	4	4	2	-1	-1	2	1	1	-1	2	-1	1	2	1	-1	1	-1	2	2	-1	3	-1	2	2	2	4	-1
TCGA-DU-6395	2	-1	-1	-1	3	-1	3	31	-1	1	2	-1	1	-1	-1	-1	2	-1	-1	1	-1	1	2	1	1	3	2	2	-1	2	1	2	2	-1	1	1	2	1	-1	4	-1	2	-1	-1	2	1	1	-1	2	-1	2	2	1	-1	2	7	2	2	-1	3	-1	2	2	2	4	-1
TCGA-HT-7873	2	-1	-1	-1	4	2	1	29	2	2	2	-1	13	-1	-1	-1	2	-1	-1	1	-1	6	2	1	2	3	1	1	-1	1	1	2	1	-1	1	1	2	2	-1	4	-1	2	2	-1	2	1	1	2	2	2	3	2	1	-1	2	4	2	1	2	3	2	1	2	2	4	2
TCGA-DU-6397	2	-1	-1	-1	3	-1	1	45	-1	1	2	-1	14	-1	-1	-1	1	-1	-1	1	-1	6	2	1	1	6	-1	2	-1	2	1	-1	1	-1	1	1	1	2	-1	4	-1	2	-1	-1	2	1	1	-1	2	-1	1	1	2	-1	1	2	2	1	-1	1	-1	1	2	2	4	-1
TCGA-DU-6399	2	-1	-1	-1	4	-1	1	54	-1	1	2	-1	14	-1	-1	-1	-1	-1	-1	1	-1	-1	2	1	1	2	2	2	-1	2	1	2	2	-1	1	1	6	2	-1	4	-1	2	-1	-1	2	1	1	-1	2	-1	4	1	2	-1	2	10	2	2	-1	4	-1	2	2	2	4	-1
TCGA-HW-A5KM	2	1	-1	-1	4	2	3	35	-1	1	2	2	-1	-1	-1	-1	-1	2	-1	1	2	-1	1	1	2	1	-1	1	-1	1	-1	-1	-1	-1	1	2	5	1	-1	4	-1	2	-1	1	2	1	1	-1	-1	-1	-1	2	3	-1	2	-1	2	-1	-1	2	-1	-1	2	-1	4	-1
TCGA-HW-A5KL	2	1	-1	-1	4	2	1	42	-1	1	2	1	-1	-1	-1	-1	-1	2	-1	2	1	-1	1	1	2	1	-1	1	-1	1	-1	-1	-1	-1	1	2	5	1	-1	4	-1	2	-1	4	2	1	1	-1	-1	-1	-1	1	3	-1	2	-1	2	-1	-1	2	-1	-1	2	-1	4	-1
TCGA-HT-7879	2	-1	-1	-1	-1	2	1	31	1	1	2	-1	6	-1	-1	-1	2	-1	2	1	-1	1	2	1	2	3	2	1	-1	1	1	2	1	-1	1	1	2	1	-1	4	-1	2	2	-1	2	1	1	2	2	2	1	1	1	-1	1	6	1	2	-1	3	2	1	2	-1	4	2
TCGA-HW-A5KJ	2	1	-1	-1	4	2	1	68	-1	1	2	1	-1	-1	-1	-1	-1	2	-1	1	1	-1	1	1	1	6	-1	2	-1	2	-1	-1	-1	-1	1	2	1	2	-1	4	-1	2	-1	1	2	1	1	-1	-1	-1	-1	2	2	-1	1	-1	2	-1	-1	1	-1	-1	2	-1	4	-1
TCGA-P5-A5EW	2	1	-1	-1	3	2	1	20	1	1	2	-1	-1	-1	-1	-1	-1	2	2	2	-1	6	1	1	2	1	-1	1	7	1	1	-1	1	3	1	2	5	-1	-1	4	1	2	1	-1	2	1	1	-1	-1	2	2	2	3	-1	2	-1	1	-1	-1	2	-1	-1	2	2	4	2
TCGA-P5-A5EV	2	1	-1	-1	3	1	3	39	1	1	2	2	-1	-1	-1	-1	-1	-1	-1	1	-1	1	1	1	2	1	1	1	3	1	1	1	1	-1	1	2	5	1	-1	4	-1	2	-1	-1	2	1	1	-1	-1	-1	4	1	3	-1	2	-1	2	1	-1	2	-1	1	2	-1	4	-1
TCGA-P5-A5EU	2	1	-1	-1	3	1	1	35	1	1	2	2	-1	-1	-1	-1	-1	-1	-1	1	2	6	1	1	2	5	2	1	3	1	1	1	1	-1	1	2	3	-1	-1	4	-1	2	-1	-1	2	1	1	-1	-1	-1	3	2	3	-1	1	-1	-1	-1	-1	5	-1	1	2	2	4	-1
TCGA-P5-A5ET	2	1	-1	-1	3	-1	1	27	1	1	2	-1	-1	-1	-1	-1	-1	2	2	1	-1	6	1	1	2	2	-1	1	-1	1	1	-1	1	-1	1	2	6	-1	-1	4	-1	2	2	-1	2	1	1	2	-1	2	2	2	2	-1	2	-1	1	-1	2	4	2	-1	2	2	4	2
TCGA-HT-8563	2	-1	-1	-1	2	-1	1	30	-1	1	2	2	13	-1	2	-1	-1	2	-1	2	1	6	2	1	2	5	2	1	-1	1	1	2	1	-1	1	1	3	2	-1	4	-1	2	-1	2	2	1	1	-1	2	1	1	2	3	-1	1	5	1	2	-1	5	-1	1	2	-1	4	-1
TCGA-P5-A5EY	2	1	-1	-1	3	-1	1	21	1	1	2	-1	-1	-1	-1	-1	-1	-1	-1	1	-1	1	1	1	2	1	-1	1	-1	1	1	-1	-1	-1	1	2	5	1	-1	4	-1	2	-1	-1	-1	1	1	-1	-1	-1	1	1	3	-1	2	-1	-1	-1	-1	2	-1	-1	2	-1	4	-1
TCGA-P5-A5EX	2	1	-1	-1	3	2	1	41	2	1	2	1	-1	-1	-1	-1	-1	2	-1	2	1	6	1	1	2	6	2	1	7	1	1	1	1	-1	1	2	1	2	-1	4	-1	2	-1	-1	2	1	1	2	-1	2	3	2	2	-1	1	-1	2	2	2	1	2	2	2	2	4	2
TCGA-HT-8564	2	-1	-1	-1	3	-1	3	47	-1	1	2	1	11	-1	-1	-1	2	1	2	1	1	2	2	1	1	5	2	1	7	1	2	2	2	-1	1	1	3	2	-1	4	3	2	2	1	2	1	1	2	2	2	3	1	3	-1	1	4	2	1	-1	5	2	2	2	-1	4	2
TCGA-TQ-A7RH	2	2	-1	-1	4	1	1	39	1	1	2	1	-1	-1	-1	-1	2	2	2	1	1	1	2	2	2	3	2	1	-1	1	2	2	1	-1	1	1	2	1	-1	4	-1	2	2	3	2	1	1	2	2	2	3	1	1	-1	2	-1	2	1	2	3	2	2	2	2	4	2
TCGA-TQ-A7RI	2	2	-1	-1	4	1	3	37	1	1	2	2	-1	-1	-1	-1	2	2	2	2	2	1	2	1	2	2	2	1	-1	1	2	2	2	-1	1	1	6	1	-1	4	1	2	2	-1	2	1	1	2	2	2	1	5	2	-1	2	-1	-1	2	2	4	2	2	2	2	4	2
TCGA-TQ-A7RJ	2	2	-1	-1	4	2	3	25	2	1	2	1	-1	-1	-1	-1	2	2	2	2	1	3	2	1	2	3	1	1	-1	1	2	1	2	-1	1	1	2	2	-1	4	1	2	2	4	2	1	1	2	2	2	3	5	1	-1	2	-1	2	2	2	3	2	2	2	2	4	2
TCGA-TQ-A7RK	1	1	-1	-1	4	2	3	29	1	1	1	2	-1	-1	-1	2	2	1	2	1	2	2	2	1	1	3	2	1	5	1	2	2	2	-1	1	1	2	2	-1	4	1	2	2	2	2	1	1	2	2	2	1	2	1	-1	2	-1	1	1	2	4	2	2	2	2	4	2
TCGA-TQ-A7RM	2	2	-1	-1	2	2	3	41	1	1	2	1	-1	-1	-1	2	2	2	2	2	1	1	2	1	2	3	2	1	5	1	2	2	2	-1	1	1	2	1	-1	4	4	2	2	3	2	1	1	2	2	2	3	1	1	-1	1	-1	2	1	2	3	2	2	2	2	4	2
TCGA-TQ-A7RN	2	2	-1	-1	2	2	3	32	1	1	2	1	-1	-1	-1	2	2	2	2	1	1	6	2	1	2	2	2	1	6	1	2	2	1	-1	1	1	6	1	-1	4	4	2	2	3	2	1	1	2	2	2	3	1	2	-1	2	-1	2	2	2	4	2	2	2	2	4	2
TCGA-TQ-A7RO	2	2	-1	18	2	1	3	29	1	1	2	2	-1	-1	-1	2	1	2	1	1	2	1	2	2	2	3	2	1	6	1	2	2	2	-1	1	1	2	1	1	4	2	2	2	3	1	1	1	2	2	2	4	1	1	-1	2	-1	2	2	2	3	2	2	2	2	4	2
TCGA-DB-5278	2	-1	-1	-1	2	2	3	17	1	1	2	-1	9	-1	-1	-1	2	-1	2	1	-1	1	2	1	1	2	1	1	-1	1	1	2	2	-1	1	1	6	1	-1	4	-1	2	2	-1	2	1	1	2	2	2	3	2	2	-1	2	7	2	1	2	4	2	2	2	-1	4	2
TCGA-TQ-A7RF	2	2	-1	-1	4	1	1	27	1	1	2	1	-1	-1	-1	-1	2	2	2	2	1	6	2	1	2	6	2	1	-1	1	1	1	1	-1	1	1	1	1	-1	4	1	2	2	3	2	1	1	2	2	2	3	1	2	-1	1	-1	2	1	-1	1	2	1	2	2	4	2
TCGA-TQ-A7RG	2	2	-1	-1	4	1	3	36	1	1	2	1	-1	-1	-1	-1	2	-1	2	1	2	1	2	1	2	3	2	1	6	1	2	2	-1	-1	1	1	2	1	-1	4	1	2	2	3	2	1	1	2	2	2	3	1	1	-1	2	-1	2	2	2	3	2	1	2	-1	4	2
TCGA-E1-A7YL	2	1	1	-1	3	1	1	46	1	1	2	1	-1	-1	-1	-1	1	1	2	1	1	6	2	1	1	5	2	2	7	2	1	1	1	-1	1	1	3	2	-1	4	4	2	2	1	2	1	1	2	1	2	4	2	3	2	1	-1	2	2	2	5	2	1	2	1	4	2
TCGA-DB-A4X9	2	1	1	-1	2	2	3	33	1	1	2	2	-1	-1	-1	-1	1	1	-1	2	2	1	1	1	1	3	2	1	-1	1	1	2	2	-1	1	2	2	1	-1	4	-1	4	-1	2	2	1	1	2	2	2	3	1	1	1	2	-1	1	2	2	3	2	2	4	1	4	2
TCGA-DB-5276	2	-1	-1	-1	2	1	3	32	1	1	2	-1	9	-1	-1	-1	2	-1	2	1	-1	1	2	1	2	3	2	1	-1	1	1	2	2	-1	1	1	2	1	-1	4	-1	2	-1	-1	2	1	1	2	2	2	1	2	1	-1	1	7	1	2	2	3	2	2	2	-1	4	2
TCGA-TQ-A7RP	2	2	-1	-1	2	2	3	66	1	1	2	1	-1	-1	-1	2	2	2	2	1	1	1	2	2	2	3	2	1	5	1	2	2	2	-1	1	1	2	1	-1	4	4	2	2	3	2	1	1	2	2	2	3	1	1	-1	2	-1	2	2	2	3	2	2	2	2	4	2
TCGA-TQ-A7RQ	2	2	-1	-1	2	1	3	38	1	1	2	1	-1	-1	-1	2	-1	2	2	2	2	1	2	1	2	2	2	1	5	1	2	2	2	-1	1	1	6	1	-1	4	4	2	2	2	2	1	1	2	-1	2	2	1	2	-1	2	-1	1	2	2	4	2	2	2	2	4	2
TCGA-WY-A85C	2	1	-1	-1	3	1	1	36	1	1	2	2	-1	-1	-1	1	2	1	2	1	2	6	2	1	1	1	1	1	-1	1	-1	1	1	-1	1	1	5	2	-1	4	-1	2	2	-1	2	1	1	2	2	2	1	2	3	-1	2	-1	2	2	2	2	-1	2	2	2	4	2
TCGA-WY-A85B	2	1	-1	-1	3	-1	1	24	1	1	2	2	-1	-1	-1	2	1	-1	2	1	2	1	2	1	2	1	2	1	-1	1	-1	1	1	-1	1	1	5	1	-1	4	-1	2	2	2	2	1	1	2	2	2	1	1	3	-1	2	-1	1	2	2	2	-1	2	2	-1	4	2
TCGA-WY-A85E	2	1	-1	14	-1	2	3	48	1	1	2	2	-1	-1	-1	1	-1	1	1	2	2	1	2	1	1	3	2	1	-1	1	-1	2	2	-1	1	1	2	1	-1	4	-1	2	2	-1	2	1	1	2	2	2	4	2	1	-1	2	-1	2	2	2	3	2	1	2	2	4	2
TCGA-TQ-A7RU	2	2	-1	-1	2	2	3	51	1	1	2	2	-1	-1	-1	2	2	2	2	1	2	1	2	1	2	2	2	1	7	1	2	2	1	-1	1	1	6	1	-1	4	1	2	2	3	2	1	1	2	2	2	3	1	2	-1	2	-1	2	2	2	4	2	2	2	2	4	2
TCGA-TQ-A7RV	2	2	-1	-1	4	2	3	27	1	1	2	2	-1	-1	-1	1	2	1	2	1	2	3	2	1	1	1	1	1	7	1	2	1	1	-1	1	1	5	1	-1	4	1	2	2	3	2	1	1	2	2	2	3	1	3	-1	2	-1	2	1	2	3	2	2	2	2	4	2
TCGA-TQ-A7RW	2	2	-1	-1	2	2	3	32	1	1	2	1	-1	-1	-1	2	2	1	2	1	1	1	2	1	1	2	2	2	5	2	2	2	2	-1	1	1	6	1	-1	4	4	2	2	1	2	1	1	2	2	2	4	1	2	-1	2	-1	2	2	2	3	2	2	2	2	4	2
TCGA-DB-5274	2	-1	-1	-1	2	1	3	37	1	1	2	-1	2	-1	-1	1	2	-1	2	2	-1	6	2	1	2	3	2	1	7	1	1	2	1	-1	1	1	2	2	-1	4	1	2	-1	-1	2	1	1	2	2	2	4	2	1	-1	1	8	1	2	2	3	2	2	2	-1	4	2
TCGA-E1-A7YH	2	1	-1	-1	4	2	1	47	1	1	2	1	-1	-1	-1	-1	1	1	-1	2	1	1	2	1	1	5	2	2	7	2	1	2	2	-1	1	1	3	1	-1	4	4	2	-1	4	2	1	1	2	2	-1	3	1	3	-1	1	-1	2	2	2	5	2	2	2	2	4	-1
TCGA-HW-8319	2	-1	-1	-1	-1	2	3	34	-1	1	2	1	5	-1	-1	-1	-1	2	-1	2	1	-1	1	1	1	5	-1	2	-1	2	1	-1	-1	-1	1	2	3	2	-1	4	-1	2	-1	3	2	1	1	-1	-1	-1	-1	2	3	-1	1	9	2	-1	-1	5	-1	-1	2	-1	4	-1
TCGA-DU-A5TU	2	2	-1	2	2	1	3	62	2	1	2	2	-1	-1	-1	-1	1	-1	1	2	2	2	1	1	1	1	2	1	1	1	1	2	2	-1	1	2	5	2	1	4	2	2	2	-1	2	1	1	2	2	2	1	2	3	-1	2	-1	2	1	2	2	2	2	2	2	4	2
TCGA-DB-5270	2	-1	-1	-1	2	2	3	38	1	1	2	-1	14	-1	-1	-1	-1	-1	2	2	-1	1	2	1	2	3	2	1	-1	1	1	2	2	-1	1	1	2	1	-1	4	-1	2	1	-1	2	1	1	2	2	2	1	2	1	-1	1	8	1	2	2	3	2	2	2	2	4	2
TCGA-S9-A7QW	2	2	1	-1	2	2	3	54	2	1	2	2	-1	-1	-1	2	-1	2	2	2	1	-1	1	1	1	5	2	1	6	1	1	2	2	-1	1	2	3	2	-1	4	1	2	2	2	2	1	1	2	-1	2	-1	2	3	1	1	-1	2	2	-1	5	2	2	2	1	4	2
TCGA-DU-A5TY	2	2	1	-1	3	1	3	46	1	1	2	1	-1	-1	-1	-1	2	2	2	2	1	1	1	1	1	5	2	2	-1	2	1	2	2	-1	1	2	3	1	-1	4	-1	2	-1	-1	2	1	1	2	2	2	1	5	3	2	1	-1	2	1	-1	5	2	2	2	1	4	2
TCGA-IK-7675	2	-1	-1	-1	4	1	1	43	1	1	2	-1	6	-1	-1	-1	2	-1	-1	1	-1	5	1	1	1	2	1	2	5	2	2	2	1	-1	1	2	6	2	-1	4	2	2	-1	-1	2	1	1	2	2	-1	1	2	2	-1	2	7	2	2	-1	4	-1	2	2	-1	4	-1
TCGA-DU-A5TT	2	2	1	-1	3	2	3	70	1	1	2	1	-1	-1	2	-1	1	2	2	1	1	1	1	1	1	6	2	1	-1	1	1	2	2	2	1	2	1	1	-1	4	-1	2	1	-1	2	1	1	2	2	1	2	2	2	2	1	-1	2	2	-1	1	2	2	2	1	4	2
TCGA-S9-A7QZ	2	2	1	-1	2	2	3	41	1	1	2	2	-1	-1	-1	2	-1	2	2	1	2	1	2	1	1	2	2	1	6	1	1	2	2	-1	1	1	6	1	-1	4	1	2	2	3	2	1	1	2	-1	1	3	2	2	1	2	-1	2	2	-1	4	2	2	2	1	4	2
TCGA-DU-A5TW	2	2	1	-1	3	1	1	33	1	1	2	2	-1	-1	-1	-1	-1	2	-1	2	2	1	1	2	2	5	2	1	6	1	1	2	2	-1	1	2	3	1	-1	4	2	2	-1	1	2	1	1	-1	-1	-1	3	2	3	1	1	-1	2	1	-1	5	-1	2	2	1	4	-1
TCGA-DU-A5TP	2	2	-1	-1	3	2	1	33	1	1	2	1	-1	-1	2	-1	1	1	2	1	1	1	1	1	1	5	2	1	4	1	1	2	2	-1	1	2	3	1	-1	4	4	2	2	-1	1	1	1	2	1	1	1	5	3	-1	1	-1	2	2	-1	5	1	2	2	2	4	2
TCGA-DU-A5TR	2	2	-1	-1	3	1	3	51	1	1	2	1	-1	-1	-1	-1	1	2	2	1	1	1	1	1	1	3	2	1	5	1	1	2	2	-1	1	2	2	1	-1	4	4	2	2	-1	2	1	1	2	1	2	1	1	1	-1	2	-1	2	1	-1	3	2	2	2	2	4	2
TCGA-DU-A5TS	2	2	-1	-1	3	1	1	42	2	1	2	1	-1	-1	-1	-1	1	2	-1	1	1	6	1	2	1	2	2	1	6	1	1	2	1	-1	1	2	6	2	-1	4	4	2	-1	4	2	1	1	-1	2	-1	3	2	2	-1	2	-1	1	2	-1	4	-1	2	2	2	4	-1
TCGA-S9-A7QX	2	2	1	-1	2	2	1	36	1	1	2	1	-1	-1	-1	2	2	2	2	2	1	3	1	1	2	5	2	1	6	1	1	1	2	-1	1	2	3	1	-1	4	1	2	2	3	2	1	1	2	2	2	3	1	3	1	1	-1	2	2	-1	5	2	2	2	1	4	2
TCGA-S9-A7QY	2	2	1	-1	2	1	3	35	1	1	2	1	-1	-1	-1	2	-1	2	2	2	2	1	2	1	2	3	2	1	6	1	1	2	2	-1	1	1	2	1	-1	4	1	2	2	3	2	1	1	2	-1	2	3	2	1	2	2	-1	2	2	-1	3	2	2	2	1	4	2
TCGA-WY-A859	2	1	-1	-1	3	-1	3	34	1	1	2	2	-1	-1	-1	2	2	2	2	2	1	1	2	1	2	1	2	1	6	1	-1	2	2	-1	1	1	5	1	-1	4	4	2	2	4	2	1	1	2	2	2	1	2	3	-1	2	-1	2	2	2	2	-1	2	2	-1	4	2
TCGA-WY-A858	2	1	-1	16	3	2	3	32	2	1	2	1	-1	-1	-1	2	2	2	1	2	1	6	2	1	2	5	2	1	6	1	-1	2	1	-1	1	1	3	2	-1	4	4	2	-1	2	2	1	1	2	2	1	1	2	3	-1	1	-1	1	2	2	5	-1	2	2	-1	4	-1
TCGA-FG-8185	2	-1	-1	-1	4	-1	1	37	-1	1	2	-1	1	-1	-1	-1	2	-1	1	1	-1	6	1	1	2	5	2	1	5	1	1	2	1	-1	1	2	3	2	2	4	4	2	2	-1	2	1	1	2	2	2	2	2	3	-1	1	4	1	2	2	5	2	1	2	-1	4	2
TCGA-DB-A4XH	2	1	-1	-1	2	1	3	53	1	1	2	2	-1	-1	-1	-1	2	2	-1	2	2	1	1	1	2	3	2	1	-1	1	1	2	2	-1	1	2	2	1	-1	4	-1	3	-1	4	2	1	1	2	2	-1	1	2	1	-1	2	-1	1	2	2	3	2	2	3	2	4	-1
TCGA-DU-8168	2	-1	-1	-1	3	1	1	55	2	1	2	-1	1	-1	-1	1	1	-1	-1	2	-1	6	1	1	2	6	2	1	4	1	1	2	1	-1	1	2	1	2	-1	4	4	2	-1	-1	2	1	1	-1	2	-1	1	2	2	-1	1	2	2	2	-1	1	-1	2	2	2	4	-1
TCGA-FG-8181	2	-1	-1	-1	3	-1	3	23	-1	1	2	-1	3	-1	-1	-1	-1	-1	-1	1	-1	-1	1	1	2	3	-1	1	5	1	1	-1	-1	-1	1	2	2	-1	-1	4	1	2	-1	-1	2	1	1	-1	-1	-1	-1	2	1	-1	1	8	2	-1	2	3	-1	-1	2	2	4	-1
TCGA-HT-8108	2	-1	-1	-1	4	2	3	26	2	1	2	-1	13	-1	-1	-1	1	-1	2	2	-1	6	2	1	2	2	2	1	-1	1	1	2	1	-1	1	1	6	2	-1	4	-1	2	2	-1	2	1	1	2	1	2	1	5	2	-1	2	4	-1	2	2	4	2	1	2	2	4	2
TCGA-DB-A4XD	2	1	-1	-1	2	2	1	32	2	1	2	1	-1	-1	-1	-1	2	2	-1	1	1	-1	1	1	2	5	2	1	-1	1	1	2	2	-1	1	2	3	2	-1	4	-1	4	-1	2	2	1	1	2	2	-1	1	1	3	-1	1	-1	1	2	2	5	1	2	4	2	4	-1
TCGA-DU-8164	2	-1	1	-1	2	2	1	51	1	1	2	-1	6	-1	-1	-1	2	-1	-1	1	-1	1	1	1	2	2	2	1	-1	1	1	2	2	-1	1	2	6	1	-1	4	-1	2	-1	-1	2	1	1	-1	2	-1	4	2	2	1	2	9	2	2	2	4	-1	2	2	1	4	-1
TCGA-DB-A4XF	2	1	-1	-1	2	2	1	41	1	1	2	1	-1	-1	-1	-1	1	1	-1	2	1	1	1	1	1	5	2	1	-1	1	1	2	1	-1	1	2	3	1	-1	4	-1	3	-1	4	2	1	1	2	2	-1	1	2	3	-1	1	-1	2	2	2	5	2	2	3	2	4	-1
TCGA-DB-A4XG	2	1	1	-1	2	-1	1	34	1	1	2	1	-1	-1	-1	-1	2	2	2	1	2	1	1	1	2	6	2	1	-1	1	1	2	2	-1	1	2	1	1	-1	4	-1	3	2	4	2	1	1	2	2	2	1	2	2	2	1	-1	2	2	2	1	2	2	3	1	4	2
TCGA-DU-8161	2	-1	-1	-1	3	-1	3	63	1	1	2	-1	14	-1	-1	-1	-1	-1	-1	2	-1	3	2	1	1	3	2	2	4	2	1	1	2	-1	1	1	2	2	-1	4	4	2	-1	-1	2	1	1	-1	-1	-1	4	4	1	-1	1	8	2	2	-1	3	-1	2	2	2	4	-1
TCGA-DB-A4XA	2	1	1	-1	2	2	3	30	1	1	2	2	-1	-1	-1	-1	2	2	2	1	1	1	1	1	2	3	2	1	-1	1	1	2	2	-1	1	2	2	1	-1	4	-1	4	2	4	2	1	1	2	2	2	3	5	1	1	2	-1	2	2	2	3	2	2	4	1	4	2
TCGA-DB-A4XB	2	1	1	-1	2	2	3	38	1	1	2	1	-1	-1	-1	-1	2	2	-1	1	1	1	1	1	2	5	2	1	-1	1	1	2	2	-1	1	2	3	1	-1	4	-1	6	-1	4	2	1	1	2	2	-1	4	5	3	1	1	-1	1	2	2	5	2	2	6	1	4	-1
TCGA-FG-8188	2	-1	-1	-1	3	-1	3	41	1	1	2	-1	13	-1	-1	-1	2	-1	2	1	-1	2	1	1	1	3	2	1	5	1	1	2	2	-1	1	2	2	2	-1	4	1	2	2	-1	2	1	1	2	2	2	1	1	1	-1	2	9	2	1	2	3	2	2	2	2	4	2
TCGA-FG-A4MW	2	2	1	-1	3	1	1	63	1	1	2	1	-1	-1	-1	1	1	2	2	1	1	1	1	1	1	3	2	2	7	2	1	2	2	-1	1	2	2	1	-1	4	3	3	2	-1	2	1	1	1	2	2	1	2	1	2	1	-1	1	2	2	3	2	2	3	1	4	2
TCGA-FG-A4MT	2	2	-1	-1	3	1	3	27	1	1	2	2	-1	-1	-1	-1	2	1	2	2	2	1	1	1	1	2	2	1	6	1	1	2	1	-1	1	2	6	1	-1	4	4	4	2	2	2	1	1	2	2	2	1	1	2	-1	2	-1	1	2	2	4	2	2	4	2	4	2
TCGA-FG-A4MU	2	2	1	-1	3	1	1	58	2	2	2	-1	-1	-1	-1	-1	2	-1	2	1	-1	6	1	1	2	3	2	1	-1	1	1	2	1	-1	1	2	2	2	-1	4	-1	2	2	-1	2	1	1	2	2	2	1	1	1	2	1	-1	2	1	2	3	2	1	2	1	4	2
TCGA-FG-A4MX	2	2	1	-1	3	2	1	47	2	1	2	2	-1	-1	-1	2	2	2	2	1	1	5	1	1	2	1	1	1	6	1	1	2	2	-1	1	2	5	2	-1	4	1	3	2	2	2	1	1	2	2	2	1	2	3	2	2	-1	1	2	2	2	2	2	3	1	4	2
TCGA-FG-A4MY	2	2	-1	-1	3	-1	1	44	-1	1	2	2	-1	-1	-1	-1	2	2	2	2	1	1	1	1	2	3	2	1	-1	1	2	2	1	-1	1	2	2	1	-1	4	-1	5	2	4	2	1	1	2	2	2	4	5	1	-1	2	-1	2	1	2	3	2	2	5	2	4	2
TCGA-CS-6188	2	-1	-1	-1	2	2	1	48	2	1	2	-1	6	-1	-1	1	1	-1	2	1	-1	1	2	1	1	5	2	2	5	2	1	2	2	-1	1	1	3	1	-1	4	1	1	2	-1	2	1	1	2	1	2	1	1	3	-1	1	7	2	2	-1	5	2	2	1	2	4	2
TCGA-CS-6186	2	-1	-1	-1	2	2	1	58	2	1	2	-1	12	-1	-1	1	2	-1	2	1	-1	1	2	1	1	3	2	2	5	2	1	2	2	-1	1	1	2	1	-1	4	1	1	2	-1	2	1	1	2	2	2	1	2	1	-1	1	4	2	2	2	3	2	2	1	2	4	2
TCGA-RY-A843	2	2	1	-1	2	-1	3	30	-1	1	2	1	-1	-1	-1	-1	2	2	-1	1	2	1	1	1	2	5	2	1	-1	1	1	2	2	-1	1	2	3	1	-1	4	-1	2	-1	-1	2	1	1	2	2	2	3	1	3	2	1	-1	2	2	2	5	2	2	2	1	4	2
TCGA-DU-7009	2	-1	-1	-1	2	-1	3	32	-1	1	2	-1	14	-1	-1	-1	2	-1	-1	2	-1	3	2	1	1	2	2	2	-1	2	1	1	2	-1	1	1	6	2	-1	4	-1	2	-1	-1	2	1	1	-1	2	-1	4	2	2	-1	2	6	2	2	-1	4	-1	2	2	2	4	-1
TCGA-DU-7008	2	-1	-1	-1	3	1	1	41	1	1	2	-1	13	-1	-1	-1	-1	-1	-1	2	-1	1	2	1	1	2	2	1	-1	1	1	2	1	-1	1	1	6	1	-1	4	-1	2	-1	-1	2	1	1	-1	-1	-1	3	2	2	-1	2	6	1	2	-1	4	-1	2	2	2	4	-1
TCGA-RY-A847	2	2	1	-1	2	-1	1	45	-1	1	2	2	-1	-1	-1	-1	2	2	-1	1	2	-1	1	1	2	2	2	1	5	1	1	2	2	-1	1	2	6	2	-1	4	2	2	-1	-1	2	1	1	-1	2	-1	-1	2	2	1	2	-1	1	2	2	4	-1	2	2	1	4	-1
TCGA-RY-A845	2	2	1	-1	2	-1	3	40	-1	1	2	2	-1	-1	3	-1	2	2	2	2	2	2	1	1	2	3	2	1	7	1	1	2	2	-1	1	2	2	1	-1	4	-1	2	-1	-1	2	1	1	2	2	1	1	5	1	2	2	-1	1	1	2	3	2	2	2	1	4	2
TCGA-DU-7007	2	-1	-1	-1	3	-1	1	33	-1	1	2	-1	14	-1	-1	-1	-1	-1	-1	1	-1	6	2	1	-1	1	2	2	-1	2	1	1	1	-1	1	1	5	2	-1	4	-1	2	-1	-1	2	1	1	1	-1	-1	3	2	3	-1	2	9	-1	2	-1	2	-1	2	2	-1	4	-1
TCGA-DU-7006	2	-1	-1	-1	2	-1	3	60	-1	1	2	-1	6	-1	-1	-1	-1	-1	-1	2	-1	1	2	1	-1	5	2	2	-1	2	1	2	2	-1	1	1	3	1	-1	4	-1	2	-1	-1	2	1	1	-1	-1	-1	-1	1	3	-1	1	7	2	2	-1	5	-1	2	2	2	4	-1
TCGA-FG-8187	2	-1	-1	-1	3	-1	1	31	-1	1	2	-1	5	-1	-1	-1	-1	-1	-1	1	-1	-1	1	1	2	3	-1	1	5	1	1	-1	-1	-1	1	2	2	-1	-1	4	2	2	-1	-1	2	1	1	-1	-1	-1	-1	2	1	-1	2	8	1	-1	2	3	-1	-1	2	2	2	-1
TCGA-FG-8186	2	-1	-1	-1	3	2	1	42	1	1	2	-1	14	-1	-1	-1	1	-1	2	2	-1	1	1	1	2	3	2	1	4	1	2	2	1	-1	1	2	2	1	-1	4	4	2	2	-1	2	1	1	2	2	2	1	2	1	-1	1	1	2	2	2	3	2	2	2	2	4	2
TCGA-E1-5311	2	-1	-1	-1	3	1	1	31	1	1	2	-1	13	-1	-1	-1	2	-1	2	1	-1	6	2	1	1	6	2	2	6	2	1	2	1	-1	1	1	1	2	-1	4	4	1	2	-1	2	1	1	2	2	2	3	1	2	-1	1	5	2	2	-1	1	2	2	1	-1	4	2
TCGA-R8-A6ML	2	1	-1	-1	-1	-1	3	52	-1	1	2	1	-1	-1	-1	-1	2	-1	-1	1	1	-1	2	1	2	6	-1	1	-1	1	2	-1	-1	-1	1	1	1	1	-1	3	-1	2	-1	-1	-1	1	1	-1	2	-1	-1	2	2	-1	1	-1	-1	-1	-1	1	-1	-1	2	-1	4	-1
TCGA-R8-A6MO	2	1	-1	-1	-1	-1	1	53	-1	1	2	2	-1	-1	-1	-1	2	-1	-1	2	2	-1	2	3	2	2	-1	1	-1	1	1	-1	-1	-1	1	1	6	1	-1	4	-1	2	-1	-1	-1	1	1	-1	2	-1	-1	2	2	-1	2	-1	-1	-1	-1	4	-1	-1	2	-1	4	-1
TCGA-E1-5318	2	-1	-1	-1	3	1	3	42	1	1	2	-1	10	-1	-1	-1	1	-1	2	2	-1	6	2	1	1	2	2	2	6	2	1	2	1	-1	1	1	6	2	-1	4	4	1	2	-1	2	1	1	2	2	2	4	2	2	-1	2	5	2	2	-1	4	2	2	1	-1	4	2
TCGA-E1-5319	2	-1	-1	-1	3	1	1	48	1	1	2	-1	6	-1	-1	-1	1	-1	-1	2	-1	4	2	1	1	2	2	2	6	2	1	2	2	-1	1	1	6	2	-1	4	4	1	-1	-1	2	1	1	2	-1	2	1	2	2	-1	2	6	2	2	-1	4	2	1	1	-1	4	-1
TCGA-R8-A6MK	2	1	-1	-1	-1	-1	1	40	-1	1	2	1	-1	-1	-1	-1	1	-1	-1	1	2	-1	2	1	2	2	-1	1	-1	1	1	-1	-1	-1	1	1	6	1	-1	4	-1	2	-1	-1	2	1	1	-1	2	-1	-1	2	2	-1	2	-1	-1	-1	-1	4	-1	-1	2	-1	4	-1
TCGA-FG-8182	2	-1	-1	-1	3	-1	3	35	-1	1	2	-1	4	-1	-1	-1	2	-1	2	1	-1	1	1	1	2	2	2	1	-1	1	1	2	2	-1	1	2	6	1	-1	4	-1	2	2	-1	2	1	1	2	2	2	1	2	2	-1	2	4	2	2	2	4	2	2	2	2	4	2
TCGA-P5-A77X	2	1	-1	-1	-1	-1	1	55	-1	1	2	-1	-1	-1	-1	-1	-1	-1	-1	2	-1	-1	1	1	2	3	-1	1	-1	1	1	-1	-1	-1	1	2	2	-1	-1	4	-1	2	-1	2	-1	1	1	-1	-1	-1	-1	2	1	-1	2	-1	1	-1	-1	3	-1	-1	2	-1	4	-1
TCGA-P5-A77W	2	1	-1	-1	-1	-1	3	37	-1	1	2	-1	-1	-1	-1	-1	-1	-1	-1	2	-1	-1	1	1	2	3	-1	1	-1	1	1	-1	-1	-1	1	2	2	-1	-1	4	-1	2	-1	2	-1	1	1	-1	-1	-1	-1	2	1	-1	1	-1	1	-1	-1	3	-1	-1	2	-1	4	-1
TCGA-DU-A76K	2	2	-1	-1	3	-1	1	87	-1	1	2	2	-1	-1	-1	-1	-1	1	-1	1	1	6	2	1	1	2	2	2	-1	2	1	2	1	-1	1	1	6	2	-1	4	-1	2	-1	1	2	1	1	-1	-1	-1	3	5	2	-1	2	-1	2	2	-1	4	-1	2	2	2	4	-1
TCGA-DU-8165	2	-1	-1	-1	3	2	3	60	1	1	2	-1	14	-1	-1	-1	1	-1	-1	2	-1	1	1	1	2	2	2	1	5	1	1	2	2	-1	1	2	6	1	-1	4	4	2	-1	-1	2	1	1	-1	2	-1	4	1	2	-1	1	10	2	2	-1	4	-1	2	2	2	4	-1
TCGA-HT-8114	2	-1	-1	-1	4	2	3	36	2	1	2	-1	6	-1	-1	-1	2	-1	2	1	-1	6	2	1	2	3	1	1	-1	1	1	2	1	-1	1	1	2	2	-1	4	-1	2	2	-1	2	1	1	2	2	2	1	5	1	-1	1	9	1	1	-1	3	2	1	2	2	4	2
TCGA-HT-8113	2	-1	-1	-1	4	2	3	49	1	1	2	-1	1	-1	-1	-1	2	-1	2	2	-1	1	2	2	2	2	2	1	-1	1	1	2	1	-1	1	1	6	1	-1	4	-1	2	2	-1	2	1	1	1	2	2	1	2	2	-1	2	9	1	2	-1	4	2	2	2	-1	4	2
TCGA-HT-8111	2	-1	-1	-1	4	2	3	32	1	1	2	-1	1	-1	-1	-1	-1	-1	2	1	-1	1	2	1	2	3	2	1	-1	1	1	2	1	-1	1	1	2	1	-1	4	-1	2	2	-1	2	1	1	2	2	2	1	2	1	-1	1	1	-1	1	-1	3	2	2	2	2	4	2
TCGA-DB-A4XE	2	1	-1	-1	2	2	3	27	1	1	2	2	-1	-1	-1	2	2	2	2	2	1	1	1	1	2	3	2	1	5	1	1	2	2	-1	1	2	2	1	-1	4	1	4	2	2	2	1	1	2	2	2	4	1	1	-1	1	-1	1	2	2	3	2	2	4	2	4	-1
TCGA-DU-8167	2	-1	-1	-1	3	2	1	69	1	1	2	-1	5	-1	-1	-1	-1	-1	-1	2	-1	1	1	1	2	3	2	1	6	1	1	2	2	-1	1	2	2	1	-1	4	1	2	-1	-1	2	1	1	-1	-1	-1	3	2	1	-1	2	7	2	2	-1	3	-1	2	2	2	4	-1
TCGA-HT-A4DS	2	1	-1	-1	3	1	1	55	1	1	2	-1	-1	-1	-1	-1	1	-1	-1	2	-1	1	2	1	2	5	2	1	-1	1	1	1	2	-1	1	1	3	1	-1	4	-1	2	-1	-1	2	1	1	-1	2	-1	1	1	3	-1	1	-1	1	2	-1	5	2	2	2	2	4	-1
TCGA-DU-8166	2	-1	-1	-1	2	1	3	29	1	1	2	-1	1	-1	-1	-1	2	-1	-1	2	-1	1	1	1	1	3	2	1	-1	1	1	2	2	-1	1	2	2	1	-1	4	-1	2	-1	-1	2	1	1	-1	2	-1	1	2	1	-1	2	6	2	2	-1	3	-1	2	2	2	4	-1
TCGA-HT-A4DV	2	1	-1	-1	4	1	3	51	1	1	2	1	-1	-1	-1	-1	1	2	-1	2	1	1	2	1	2	6	2	1	5	1	1	2	2	-1	1	1	1	1	-1	4	3	2	-1	2	2	1	1	-1	2	-1	4	2	2	-1	1	-1	1	2	-1	1	-1	1	2	2	4	-1
TCGA-FG-6691	2	-1	-1	-1	4	2	1	23	2	1	2	-1	1	-1	-1	-1	2	-1	2	2	-1	6	1	1	1	1	2	1	6	1	1	2	1	-1	1	2	5	2	-1	4	1	2	2	-1	2	1	1	2	2	2	1	1	3	-1	2	1	1	2	2	2	2	2	2	2	4	2
TCGA-FG-6690	2	-1	-1	-1	3	1	3	70	1	1	2	-1	13	-1	-1	-1	2	-1	2	1	-1	1	1	1	2	2	2	1	5	1	1	2	2	-1	1	2	6	1	-1	4	1	2	2	-1	2	1	1	2	2	2	1	2	2	-1	2	6	2	2	2	4	2	2	2	2	4	2
TCGA-FG-6692	2	-1	-1	-1	3	2	1	63	1	1	2	-1	11	-1	-1	1	1	-1	-1	1	-1	1	1	1	-1	6	2	2	-1	2	1	2	2	-1	1	2	1	1	-1	4	4	2	-1	-1	2	1	1	-1	2	-1	1	2	2	-1	1	4	2	1	2	1	-1	2	2	2	4	-1
TCGA-DU-8163	2	-1	-1	-1	3	2	3	29	1	1	2	-1	14	-1	-1	-1	2	-1	-1	1	-1	1	1	1	1	3	2	1	5	1	1	2	2	-1	1	2	2	1	-1	4	-1	2	-1	-1	2	1	1	-1	2	-1	4	1	1	-1	1	9	2	2	-1	3	-1	2	2	2	4	-1
TCGA-DB-A4XC	2	1	-1	-1	2	-1	3	26	-1	1	2	2	-1	-1	-1	-1	1	2	-1	1	1	1	1	1	2	3	2	1	-1	1	1	2	2	-1	1	2	2	1	-1	4	-1	4	-1	3	2	1	1	2	2	-1	1	1	1	-1	2	-1	1	2	2	3	2	2	4	2	1	-1
TCGA-HT-7485	2	-1	-1	-1	4	2	1	42	2	1	2	-1	4	-1	-1	-1	2	-1	2	1	-1	6	2	1	2	1	1	1	6	1	1	1	1	-1	1	1	5	2	-1	4	3	1	2	-1	2	1	1	2	2	2	2	5	3	-1	2	8	1	2	2	2	2	2	1	2	4	2
TCGA-HT-7480	2	-1	-1	-1	2	2	1	33	1	1	2	-1	5	-1	-1	-1	1	-1	2	1	-1	1	2	1	1	2	1	1	-1	1	1	2	2	-1	1	1	6	1	-1	4	-1	1	2	-1	2	1	1	2	2	1	3	2	2	-1	2	4	2	2	2	4	2	2	1	2	4	2
TCGA-HT-7481	2	-1	-1	-1	4	1	1	39	1	1	2	-1	14	-1	-1	-1	2	-1	2	1	-1	1	2	1	1	2	1	1	-1	1	1	2	1	-1	1	1	6	1	-1	4	-1	1	2	-1	2	1	1	2	2	2	1	2	2	-1	2	1	1	2	2	4	2	2	1	2	4	2
TCGA-HT-7482	2	-1	-1	-1	3	2	3	18	1	1	2	-1	14	-1	-1	-1	2	-1	2	2	-1	1	2	1	1	3	2	1	-1	1	1	2	2	-1	1	1	2	1	-1	4	-1	1	2	-1	2	1	1	2	2	2	1	2	1	-1	2	10	2	2	2	3	2	2	1	2	4	2
TCGA-HT-7483	2	-1	-1	-1	4	-1	1	14	-1	1	2	-1	14	-1	-1	-1	1	-1	2	1	-1	1	2	1	2	3	1	1	-1	1	1	2	1	-1	1	1	2	1	-1	4	-1	2	2	-1	2	1	1	2	2	2	-1	2	1	-1	2	6	1	1	-1	3	2	2	2	2	4	2
TCGA-DU-8162	2	-1	-1	-1	3	-1	1	61	-1	1	2	-1	1	-1	-1	1	1	-1	-1	2	-1	6	1	1	1	3	2	2	7	2	1	2	1	-1	1	2	2	2	-1	4	4	2	-1	-1	2	1	1	-1	2	-1	1	1	1	-1	1	1	2	2	-1	3	-1	2	2	2	4	-1
TCGA-QH-A6CU	2	2	1	-1	4	1	3	52	1	1	2	2	-1	-1	2	1	1	2	2	2	2	1	1	1	2	6	2	1	5	1	1	2	2	-1	1	2	1	1	-1	4	1	2	2	-1	2	1	1	2	2	1	1	2	2	1	1	-1	1	1	2	1	2	2	2	1	4	1
TCGA-QH-A6CV	2	2	2	-1	4	2	1	51	1	1	2	2	-1	-1	-1	1	2	2	2	1	1	6	1	3	2	3	2	1	5	1	1	2	1	-1	1	2	2	1	-1	4	1	2	2	-1	2	1	1	2	2	2	1	2	1	1	1	-1	2	2	-1	3	2	2	2	1	4	2
TCGA-QH-A6CW	2	2	1	-1	4	2	1	43	1	1	2	2	-1	-1	2	1	2	2	2	1	2	1	1	1	2	3	2	1	5	1	1	2	2	-1	1	2	2	1	-1	4	1	2	2	3	2	1	1	1	2	1	4	1	1	1	1	-1	2	2	-1	3	2	2	2	1	4	1
TCGA-QH-A6CS	2	2	1	-1	4	1	1	41	1	1	2	1	-1	-1	-1	1	1	2	2	1	1	1	1	1	1	5	1	1	5	1	1	2	1	-1	1	2	3	1	-1	4	1	2	2	4	2	1	1	2	2	2	1	2	3	2	1	-1	2	2	2	5	2	2	2	1	4	2
TCGA-QH-A870	2	2	1	-1	4	1	1	38	1	1	2	2	-1	-1	-1	1	1	2	-1	2	2	6	1	1	1	3	2	1	7	1	1	2	1	-1	1	2	2	2	-1	4	2	2	2	2	2	1	1	2	2	2	3	7	1	1	1	-1	1	2	2	3	2	1	2	1	4	2
TCGA-QH-A6CX	2	2	1	-1	4	1	3	66	1	1	2	2	-1	-1	-1	1	2	2	2	1	2	1	1	1	1	1	2	2	5	2	1	2	2	-1	1	2	5	1	-1	4	1	2	2	2	2	1	1	2	2	2	1	1	3	2	2	-1	1	2	2	2	2	2	2	1	4	2
TCGA-QH-A6CY	2	2	1	-1	4	1	1	38	1	1	2	2	-1	-1	-1	1	2	2	2	1	1	6	1	1	2	3	2	1	5	1	1	2	1	-1	1	2	2	1	-1	4	1	2	2	-1	2	1	1	2	2	2	1	2	1	1	1	-1	-1	2	-1	3	2	2	2	1	4	2
TCGA-QH-A6CZ	2	2	1	-1	4	1	1	38	1	1	2	2	-1	-1	-1	1	2	2	2	1	2	1	1	1	2	3	2	1	5	1	1	2	2	-1	1	2	2	1	-1	4	1	2	2	3	2	1	1	2	2	2	1	2	1	1	2	-1	1	2	-1	3	2	2	2	1	4	2
TCGA-DU-A76R	2	2	-1	-1	3	1	1	51	1	1	2	2	-1	-1	-1	-1	-1	1	-1	1	1	2	2	1	1	6	1	2	1	2	1	2	2	-1	1	1	1	2	-1	4	4	2	-1	1	2	1	1	-1	-1	-1	1	2	2	-1	1	-1	2	1	-1	1	-1	2	2	2	4	-1
TCGA-S9-A6WQ	2	2	1	-1	2	2	3	57	2	1	2	2	-1	-1	-1	2	-1	2	2	2	2	1	2	1	2	3	2	1	6	1	1	1	2	-1	1	1	2	1	-1	4	1	2	2	3	2	1	1	2	-1	2	2	2	1	1	2	-1	-1	1	2	3	2	2	2	1	4	1
TCGA-S9-A6WP	2	2	1	-1	2	2	1	42	2	1	2	1	-1	-1	-1	2	-1	2	2	1	2	1	2	1	2	3	2	1	6	1	1	2	2	-1	1	1	2	1	-1	4	1	2	2	3	2	1	1	2	-1	2	1	2	1	1	1	-1	2	2	-1	3	2	2	2	1	4	2
TCGA-S9-A6WM	2	2	1	-1	2	2	3	59	2	1	2	1	-1	-1	-1	1	-1	2	2	2	1	6	2	1	1	5	2	1	5	1	1	2	1	-1	1	1	3	2	-1	4	1	2	2	3	2	1	1	2	-1	2	1	1	3	2	1	-1	2	2	-1	5	2	2	2	1	4	2
TCGA-S9-A6WL	2	2	1	-1	2	2	1	52	1	1	2	2	-1	-1	-1	2	-1	1	2	1	2	1	2	1	1	5	2	1	6	1	1	2	2	-1	1	1	3	1	-1	4	1	2	2	1	2	1	1	2	-1	2	1	2	3	1	1	-1	2	2	-1	5	2	2	2	1	4	2
TCGA-S9-A6WO	2	2	1	-1	4	2	3	29	1	1	2	2	-1	-1	-1	2	-1	1	2	1	2	1	2	1	1	1	2	1	6	1	1	2	2	-1	1	1	5	1	-1	4	1	2	2	1	2	1	1	2	-1	2	4	2	3	1	2	-1	2	2	-1	2	2	2	2	1	4	2
TCGA-TM-A84B	2	2	1	-1	3	-1	3	40	-1	1	2	1	-1	-1	-1	2	2	2	2	1	2	1	2	1	-1	5	1	2	5	2	1	1	2	-1	1	1	3	1	-1	4	1	2	2	1	2	1	1	2	2	2	1	5	3	2	1	-1	2	2	-1	5	2	2	2	1	4	2
TCGA-DU-A76L	2	2	-1	-1	3	-1	1	54	-1	1	2	1	-1	-1	-1	-1	1	1	-1	1	1	6	2	1	1	6	2	2	-1	2	1	2	1	-1	1	1	1	2	-1	4	-1	2	-1	1	2	1	1	-1	-1	-1	1	1	2	-1	1	-1	2	2	-1	1	-1	2	2	2	4	-1
TCGA-S9-A6WH	2	2	1	-1	2	2	1	73	2	1	2	2	-1	-1	-1	1	-1	2	2	2	1	5	2	1	2	3	1	1	7	1	1	1	2	-1	1	1	2	2	-1	4	1	2	2	3	2	1	1	2	-1	2	-1	1	1	1	2	-1	2	1	-1	3	2	2	2	1	4	2
TCGA-DU-A76O	2	2	1	-1	3	2	3	30	1	1	2	1	-1	-1	-1	-1	2	2	2	1	1	1	1	1	2	1	2	1	-1	1	1	2	2	-1	1	2	5	1	-1	4	-1	2	2	-1	2	1	1	2	2	2	3	2	3	2	2	-1	2	2	2	2	2	2	2	1	3	2
TCGA-S9-A6WE	2	2	-1	-1	2	1	1	34	1	1	2	1	-1	-1	-1	2	-1	2	2	1	2	3	2	1	2	2	2	1	6	1	1	1	2	-1	1	1	6	2	-1	4	1	2	2	3	2	1	1	2	-1	2	3	2	2	-1	2	-1	2	2	-1	4	2	2	2	2	4	2
TCGA-S9-A6WD	2	2	-1	-1	2	2	3	58	1	1	2	1	-1	-1	-1	2	-1	2	2	1	2	1	2	1	2	6	2	1	6	1	1	2	2	-1	1	1	1	1	-1	4	1	2	2	3	2	1	1	2	-1	2	3	5	2	-1	1	-1	2	2	-1	1	2	2	2	2	4	2
TCGA-S9-A6WG	2	2	-1	-1	2	1	1	31	1	1	2	1	-1	-1	-1	2	-1	2	2	1	1	1	2	1	2	5	2	1	6	1	1	2	2	-1	1	1	3	1	-1	4	1	2	2	1	2	1	1	2	-1	2	1	2	3	-1	1	-1	2	2	-1	5	2	2	2	2	4	2
TCGA-FG-7641	2	-1	-1	-1	3	1	3	31	2	2	2	-1	1	-1	-1	-1	2	-1	2	1	-1	6	1	1	2	2	2	1	-1	1	1	2	1	-1	1	2	6	2	-1	4	-1	2	2	-1	2	1	1	2	2	2	3	2	2	-1	2	9	1	2	2	4	2	1	2	2	4	2
TCGA-FG-7643	2	-1	-1	-1	2	2	1	49	1	1	2	-1	6	-1	2	-1	1	-1	2	2	-1	1	1	1	1	3	2	1	-1	1	1	2	2	2	1	2	2	1	-1	4	-1	2	1	-1	2	1	1	2	2	1	2	2	1	-1	2	9	2	2	2	3	2	2	2	2	4	1
TCGA-TM-A84F	2	2	-1	-1	3	-1	1	48	-1	1	2	2	-1	-1	-1	2	2	2	2	1	1	4	2	1	2	5	2	1	6	1	1	2	1	-1	1	1	3	2	-1	4	1	2	2	2	2	1	1	2	2	2	1	2	3	-1	1	-1	1	2	-1	5	2	1	2	2	4	2
TCGA-P5-A72X	2	1	-1	-1	-1	-1	3	21	-1	1	2	-1	-1	-1	-1	-1	-1	-1	-1	1	-1	-1	1	1	2	5	-1	1	-1	1	1	-1	-1	-1	1	2	3	-1	-1	4	-1	2	-1	2	-1	1	1	-1	-1	-1	-1	1	3	-1	1	-1	1	-1	-1	5	-1	-1	2	-1	4	-1
TCGA-DU-7306	2	-1	-1	-1	3	1	1	67	1	1	2	-1	4	-1	-1	-1	-1	-1	-1	1	-1	1	2	1	1	3	2	1	6	1	1	2	2	-1	1	1	2	1	-1	4	1	2	-1	-1	2	1	1	-1	-1	-1	1	1	1	-1	2	8	2	2	-1	3	-1	2	2	2	4	-1
TCGA-P5-A733	2	1	-1	-1	-1	-1	3	52	-1	1	2	-1	-1	-1	-1	-1	-1	-1	-1	2	-1	-1	1	1	2	1	-1	1	-1	1	1	-1	-1	-1	1	2	5	-1	-1	4	-1	2	-1	2	-1	1	1	-1	-1	-1	-1	2	3	-1	2	-1	1	-1	-1	2	-1	-1	2	-1	4	-1
TCGA-P5-A731	2	1	-1	-1	-1	-1	1	59	-1	1	2	-1	-1	-1	-1	-1	-1	-1	-1	2	-1	-1	1	1	2	3	-1	1	5	1	1	-1	1	-1	1	2	2	-1	-1	4	-1	2	-1	-1	-1	1	1	-1	-1	-1	-1	2	1	-1	2	-1	1	1	-1	3	-1	-1	2	-1	4	-1
TCGA-P5-A730	2	1	-1	-1	-1	-1	1	22	-1	1	2	-1	-1	-1	-1	-1	-1	-1	-1	1	-1	-1	1	1	2	3	-1	1	-1	1	1	-1	-1	-1	1	2	2	-1	-1	4	-1	2	-1	2	-1	1	1	-1	-1	-1	-1	7	1	-1	1	-1	1	-1	-1	3	-1	-1	2	-1	4	-1
TCGA-P5-A737	2	1	-1	-1	-1	-1	1	47	-1	1	2	-1	-1	-1	-1	-1	-1	-1	-1	1	-1	-1	1	1	2	3	-1	1	-1	1	1	-1	-1	-1	1	2	2	-1	-1	4	-1	2	-1	2	-1	1	1	-1	-1	-1	-1	2	1	-1	2	-1	1	-1	-1	2	-1	-1	2	-1	4	-1
TCGA-P5-A736	2	1	-1	-1	-1	-1	1	44	-1	1	2	-1	-1	-1	-1	-1	-1	-1	-1	2	-1	-1	1	1	2	5	-1	1	-1	1	1	-1	-1	-1	1	2	3	-1	-1	4	-1	2	-1	2	-1	1	1	-1	-1	-1	-1	5	3	-1	1	-1	1	-1	-1	5	-1	-1	2	-1	4	-1
TCGA-S9-A7IX	2	2	-1	-1	4	2	1	57	1	1	2	2	-1	-1	-1	2	-1	1	2	1	1	5	2	1	1	5	1	2	6	2	1	2	2	-1	1	1	3	2	-1	4	1	2	2	1	2	1	1	2	-1	1	4	1	3	-1	1	-1	2	2	-1	5	2	2	2	2	4	2
TCGA-S9-A7IY	2	2	1	-1	4	1	1	39	2	1	2	1	-1	-1	-1	4	-1	2	2	1	1	5	2	1	2	3	1	1	7	1	1	2	2	-1	1	1	2	2	-1	4	1	2	2	3	2	1	1	2	-1	2	1	2	1	1	1	-1	2	1	-1	3	2	2	2	1	4	2
TCGA-DU-5852	2	-1	-1	-1	4	2	3	61	1	1	2	-1	1	-1	-1	-1	-1	-1	-1	2	-1	1	2	1	1	3	1	2	7	2	1	2	2	-1	1	1	2	1	-1	4	4	1	-1	-1	2	1	1	-1	-1	-1	3	1	1	-1	1	1	2	2	-1	3	-1	2	1	2	4	-1
TCGA-DU-5853	2	-1	-1	-1	3	2	3	29	1	1	2	-1	1	-1	-1	-1	1	-1	-1	1	-1	1	1	1	2	3	2	1	6	1	1	2	2	-1	1	2	2	1	-1	4	4	1	-1	-1	2	1	1	-1	2	-1	1	2	1	-1	2	2	2	2	-1	3	-1	2	1	2	4	-1
TCGA-DU-5851	2	-1	-1	-1	2	1	1	40	1	1	2	-1	14	-1	-1	-1	-1	-1	-1	2	-1	1	1	1	2	3	2	1	5	1	1	1	2	-1	1	2	2	1	-1	4	4	1	-1	-1	2	1	1	-1	-1	-1	1	1	1	-1	1	10	2	2	-1	3	-1	2	1	2	4	-1
TCGA-S9-A7IS	2	2	-1	-1	3	2	1	33	2	1	2	2	-1	-1	-1	4	-1	2	2	2	1	2	2	1	-1	5	2	2	3	2	1	2	2	-1	1	1	3	2	-1	4	1	2	2	1	2	1	1	2	-1	2	-1	2	3	-1	1	-1	2	1	-1	5	2	2	2	2	4	2
TCGA-DU-5854	2	-1	-1	-1	3	1	1	57	1	1	2	-1	1	-1	-1	-1	1	-1	-1	2	-1	5	1	1	1	5	1	1	5	1	1	1	2	-1	1	2	3	2	-1	4	4	1	-1	-1	2	1	1	-1	2	-1	2	2	3	-1	1	8	2	2	-1	5	-1	2	1	2	4	-1
TCGA-DU-5855	2	-1	-1	-1	3	1	1	49	1	1	2	-1	12	-1	-1	-1	2	-1	-1	2	-1	6	1	1	2	3	2	1	6	1	1	2	1	-1	1	2	2	2	-1	4	4	1	-1	-1	2	1	1	-1	2	-1	1	2	1	-1	1	8	2	1	-1	3	-1	2	1	2	4	-1
TCGA-RY-A83Z	2	2	1	-1	2	-1	3	54	-1	1	2	1	-1	-1	-1	-1	2	2	-1	2	1	1	1	1	2	5	2	1	-1	1	1	2	2	-1	1	2	3	1	-1	4	-1	1	-1	4	2	1	1	2	2	2	1	2	3	1	1	-1	2	2	2	5	2	2	1	2	4	2
TCGA-RY-A83X	2	2	1	-1	2	-1	1	46	-1	1	2	2	-1	-1	-1	-1	2	2	-1	2	2	2	1	1	2	2	2	1	-1	1	1	2	2	-1	1	2	6	2	-1	4	-1	2	-1	-1	2	1	1	2	2	2	3	2	2	1	2	-1	1	1	2	4	2	2	2	1	4	2
TCGA-RY-A83Y	2	2	1	-1	2	-1	3	45	-1	1	2	-1	-1	-1	-1	-1	2	-1	-1	1	2	1	1	1	2	2	2	1	7	1	1	2	2	-1	1	2	6	1	-1	4	2	2	-1	-1	2	1	1	2	2	2	1	5	2	1	2	-1	1	1	2	4	2	2	2	1	4	2
TCGA-DH-5143	2	-1	-1	-1	2	1	3	30	1	1	2	-1	12	-1	-1	1	-1	-1	-1	1	-1	1	2	1	2	3	-1	1	7	1	1	-1	2	-1	1	1	2	1	-1	4	4	2	-1	-1	2	1	1	-1	-1	-1	2	1	1	-1	1	8	2	1	-1	3	-1	2	2	2	4	-1
TCGA-DH-5142	2	-1	-1	-1	2	2	3	29	2	1	2	-1	11	-1	-1	2	-1	-1	2	1	-1	1	2	1	1	5	2	1	5	1	1	2	2	-1	1	1	3	1	-1	4	4	2	2	-1	2	1	1	1	-1	2	1	2	3	-1	1	4	1	2	-1	5	2	2	2	2	4	2
TCGA-DH-5141	2	-1	-1	-1	2	1	3	32	1	1	2	-1	8	-1	-1	-1	1	-1	2	1	-1	6	2	1	2	6	2	1	-1	1	2	2	1	-1	1	1	1	2	-1	4	-1	2	2	-1	2	1	1	2	2	2	-1	2	2	-1	1	5	-1	1	-1	1	2	2	2	2	4	2
TCGA-DH-5140	2	-1	-1	-1	2	1	3	38	1	1	2	-1	10	-1	-1	1	1	-1	2	2	-1	6	2	1	-1	3	2	2	5	2	1	2	1	-1	1	1	2	2	-1	4	2	2	2	-1	2	1	1	2	2	2	2	1	1	-1	1	5	2	2	-1	3	2	2	2	2	4	2
TCGA-DH-5144	2	-1	-1	-1	2	2	1	56	1	1	2	-1	13	-1	-1	2	-1	-1	2	2	-1	1	2	1	2	6	2	1	6	1	1	2	2	-1	1	1	1	1	-1	4	4	2	2	-1	2	1	1	2	2	2	1	2	2	-1	1	4	1	2	-1	1	2	2	2	2	4	2
TCGA-QH-A6XA	2	2	2	-1	4	2	3	23	2	1	2	-1	-1	-1	-1	2	2	-1	2	2	-1	-1	1	1	2	3	2	1	6	1	1	2	2	-1	1	2	2	2	-1	4	4	2	2	-1	2	1	1	2	2	2	-1	2	1	1	2	-1	-1	2	2	3	2	2	2	1	4	1
TCGA-QH-A6XC	2	2	2	-1	4	2	1	48	1	1	2	1	-1	-1	-1	1	1	2	2	1	1	1	1	1	1	5	2	1	4	1	1	2	2	-1	1	2	3	1	-1	4	3	2	-1	2	2	1	1	1	2	2	1	2	3	2	1	-1	1	2	2	5	2	2	2	1	4	-1
TCGA-QH-A6X9	2	2	2	-1	4	2	1	73	1	1	2	-1	-1	-1	-1	3	1	-1	2	2	-1	1	1	1	2	2	2	1	2	1	1	2	2	-1	1	2	6	1	-1	4	4	2	2	-1	2	1	1	2	2	2	1	1	2	1	2	-1	-1	1	2	4	2	2	2	1	4	2
TCGA-DB-A75M	2	1	2	-1	2	2	1	47	1	1	2	1	-1	-1	-1	-1	1	2	2	1	1	1	1	1	2	1	2	1	-1	1	1	2	2	-1	1	2	5	1	-1	4	-1	2	2	-1	2	1	1	2	2	2	3	5	3	1	2	-1	1	2	2	2	2	2	2	1	4	2
TCGA-HW-7489	2	-1	2	-1	4	1	1	38	-1	1	2	-1	6	-1	-1	-1	-1	-1	-1	1	-1	-1	-1	1	-1	3	-1	2	-1	2	1	-1	-1	-1	1	-1	2	1	-1	4	-1	2	-1	-1	2	1	1	-1	-1	-1	-1	2	1	1	2	4	2	-1	-1	3	-1	-1	2	1	4	-1
TCGA-HW-7487	2	-1	-1	-1	4	1	3	39	-1	1	2	-1	1	-1	-1	-1	-1	-1	-1	1	-1	-1	-1	1	1	2	-1	1	-1	1	1	-1	-1	-1	1	-1	6	1	-1	4	-1	2	-1	-1	2	1	1	-1	-1	-1	-1	2	2	-1	2	5	2	-1	-1	4	-1	-1	2	2	4	-1
TCGA-HW-7486	2	-1	-1	-1	4	2	1	37	-1	1	2	-1	1	-1	-1	-1	-1	-1	-1	1	-1	-1	-1	1	2	2	-1	1	-1	1	1	-1	-1	-1	1	-1	6	1	-1	4	-1	2	-1	-1	2	1	1	-1	-1	-1	-1	2	2	-1	2	2	2	-1	-1	4	-1	-1	2	2	4	-1
TCGA-DU-8158	2	-1	-1	-1	-1	-1	3	57	-1	1	2	-1	1	-1	-1	-1	-1	-1	-1	2	-1	2	2	1	-1	5	-1	2	7	2	1	-1	-1	-1	1	1	3	-1	-1	4	4	2	-1	-1	2	1	1	-1	-1	-1	1	2	3	-1	1	6	2	1	-1	5	-1	-1	2	2	4	-1
TCGA-DB-A75P	2	1	1	-1	2	2	1	25	1	1	2	2	-1	-1	-1	-1	2	2	2	2	2	1	1	-1	2	1	2	1	-1	1	-1	2	2	-1	1	2	5	1	-1	4	-1	2	2	2	2	1	1	2	2	2	4	1	3	2	2	-1	1	2	2	2	2	2	2	1	4	2
TCGA-P5-A5F6	2	1	-1	-1	3	-1	3	26	-1	1	2	-1	-1	-1	-1	-1	-1	2	-1	1	-1	6	1	1	2	2	-1	1	4	1	1	-1	1	-1	1	2	6	-1	-1	4	-1	2	-1	-1	2	1	1	-1	-1	-1	-1	2	2	-1	2	-1	1	-1	-1	4	-1	-1	2	-1	4	-1
TCGA-P5-A5F4	2	1	-1	-1	3	-1	1	35	-1	1	2	1	-1	-1	-1	-1	-1	-1	-1	2	1	6	1	1	2	6	-1	1	4	1	1	1	1	-1	1	2	1	-1	-1	4	-1	2	-1	-1	2	1	1	-1	-1	-1	4	1	2	-1	1	-1	-1	-1	-1	1	-1	1	2	-1	4	-1
TCGA-P5-A5F2	2	1	-1	-1	3	-1	1	36	-1	1	2	1	-1	-1	-1	-1	-1	2	-1	2	2	1	1	1	2	1	2	1	7	1	1	2	1	-1	1	2	5	1	-1	4	-1	2	-1	-1	2	1	1	-1	-1	-1	2	2	3	-1	2	-1	2	2	-1	2	-1	2	2	-1	4	-1
TCGA-P5-A5F0	2	1	-1	-1	3	2	1	33	2	1	2	1	-1	-1	-1	-1	-1	2	-1	1	1	1	1	1	2	2	1	1	7	1	1	1	1	-1	1	2	6	1	-1	4	-1	1	-1	-1	2	1	1	2	-1	2	3	2	2	-1	2	-1	2	2	2	4	2	1	1	2	4	2
TCGA-P5-A5F1	2	1	-1	-1	3	-1	3	30	-1	1	2	-1	-1	-1	-1	-1	-1	2	-1	1	-1	5	1	1	2	1	1	1	-1	1	1	-1	-1	-1	1	2	5	-1	-1	4	-1	2	-1	-1	2	1	1	-1	-1	-1	4	1	3	-1	2	-1	1	-1	-1	2	-1	-1	2	2	4	-1
TCGA-QH-A6X5	2	2	2	-1	4	2	3	58	2	1	2	2	-1	-1	-1	1	2	2	-1	2	2	1	1	1	2	3	1	1	5	1	1	2	2	-1	1	2	2	1	-1	4	2	2	2	-1	2	1	1	2	2	2	1	2	1	1	2	-1	-1	2	2	3	2	2	2	1	4	2
TCGA-QH-A6X4	2	2	2	-1	2	1	3	47	1	1	2	1	-1	-1	-1	1	2	2	-1	1	1	3	1	1	2	3	1	1	5	1	1	1	2	-1	1	2	2	1	-1	4	4	2	2	2	2	1	1	2	2	2	1	1	1	1	1	-1	1	2	2	3	2	2	2	1	4	2
TCGA-QH-A6X3	2	2	1	-1	4	2	1	27	2	1	2	2	-1	-1	-1	1	2	-1	-1	1	2	1	1	1	2	3	2	1	5	1	1	2	2	-1	1	2	2	1	-1	4	2	2	-1	2	2	1	1	2	2	2	1	5	1	1	2	-1	-1	2	2	3	2	2	2	1	4	2
TCGA-DB-A75K	2	1	1	-1	2	-1	1	55	1	1	2	1	-1	-1	-1	-1	2	2	2	2	1	1	1	1	2	3	2	1	-1	1	1	2	2	-1	1	2	2	1	-1	4	-1	2	2	2	2	1	1	2	2	2	1	2	1	1	1	-1	1	2	2	3	2	2	2	1	4	2
TCGA-DB-A75L	2	1	1	1	2	2	3	36	1	1	2	1	-1	-1	-1	-1	2	2	1	2	1	1	1	1	2	5	2	1	5	1	1	2	2	-1	1	2	3	1	-1	4	1	2	2	-1	2	1	1	2	2	2	2	2	3	1	1	-1	1	2	2	5	2	2	2	1	4	2
TCGA-QH-A6X8	2	2	1	-1	4	2	3	56	1	1	2	1	-1	-1	-1	2	2	2	-1	2	1	2	1	1	2	6	1	1	6	1	1	2	2	-1	1	2	1	1	-1	4	3	2	2	4	2	1	1	2	2	2	1	2	2	1	1	-1	2	1	2	1	2	2	2	1	4	2
TCGA-DB-A75O	2	1	-1	-1	2	2	3	29	1	1	2	-1	-1	-1	-1	-1	2	-1	2	1	-1	1	1	1	2	5	2	1	5	1	1	2	2	-1	1	2	3	1	-1	4	1	2	2	3	2	1	1	2	2	2	4	2	3	-1	1	-1	-1	2	2	5	2	2	2	2	4	2
TCGA-HT-8012	2	-1	-1	-1	3	2	1	30	1	1	2	-1	6	-1	-1	-1	2	-1	2	2	-1	1	2	1	1	2	2	1	-1	1	1	2	2	-1	1	1	6	1	-1	4	-1	2	2	-1	2	1	1	2	2	2	1	1	2	-1	2	9	-1	2	2	4	2	2	2	2	4	2
TCGA-HT-8013	2	-1	-1	-1	2	2	3	37	1	1	2	-1	6	-1	-1	-1	2	-1	2	2	-1	1	2	1	1	3	2	2	-1	2	1	2	2	-1	1	1	2	1	-1	4	-1	2	2	-1	2	1	1	2	2	2	1	2	1	-1	2	2	2	1	2	3	2	2	2	2	4	2
TCGA-HT-8010	2	-1	-1	-1	3	2	1	64	2	1	2	-1	11	-1	-1	-1	1	-1	2	2	-1	5	2	1	2	2	1	1	-1	1	2	2	1	-1	1	1	6	2	-1	4	-1	2	2	-1	2	1	1	2	2	2	3	2	2	-1	2	4	-1	2	2	4	2	2	2	2	4	2
TCGA-HT-8011	2	-1	-1	-1	3	2	1	55	1	1	2	-1	14	-1	-1	-1	1	-1	2	1	-1	1	2	1	1	5	2	1	-1	1	1	2	1	-1	1	1	3	1	-1	4	-1	2	2	-1	2	1	1	2	1	2	1	1	3	-1	1	9	-1	2	2	5	2	2	2	2	4	2
TCGA-QH-A65R	2	2	1	-1	4	2	3	38	2	1	2	1	-1	-1	3	2	1	2	2	2	1	-1	2	1	2	6	2	1	6	1	1	2	2	2	1	1	1	2	-1	4	1	1	1	3	2	1	1	2	2	1	-1	2	2	1	1	-1	2	2	2	1	2	2	1	1	4	1
TCGA-QH-A65S	2	2	1	-1	4	1	3	32	1	1	2	2	-1	-1	-1	1	1	2	2	2	2	1	2	1	2	3	2	1	5	1	1	2	2	-1	1	1	2	1	-1	4	1	1	2	-1	2	1	1	2	2	2	1	2	1	1	2	-1	-1	1	2	3	2	2	1	1	4	2
TCGA-HT-8015	2	1	-1	-1	1	-1	3	21	-1	2	2	-1	-1	-1	-1	-1	-1	-1	-1	1	-1	-1	2	1	2	1	-1	1	-1	1	1	-1	-1	-1	1	1	5	-1	-1	4	-1	2	-1	2	2	1	1	-1	-1	-1	-1	1	3	-1	2	-1	1	-1	-1	2	-1	-1	2	-1	4	-1
TCGA-S9-A7IQ	2	2	1	-1	2	2	3	45	2	1	2	2	-1	-1	-1	2	-1	2	2	2	2	3	2	1	2	3	2	1	6	1	1	1	2	-1	1	1	2	2	-1	4	1	2	2	3	2	1	1	2	-1	2	1	2	1	1	2	-1	2	2	-1	3	2	2	2	1	4	2
TCGA-HT-A74H	2	1	-1	-1	3	2	3	62	1	1	2	1	-1	-1	-1	-1	2	-1	2	1	1	1	2	1	2	5	2	1	-1	1	1	2	2	-1	1	1	3	1	-1	4	-1	2	2	4	2	1	1	2	2	2	3	1	3	-1	1	-1	-1	1	-1	5	2	2	2	2	4	2
TCGA-HT-8018	2	-1	-1	-1	4	-1	3	40	-1	1	2	-1	1	-1	-1	-1	2	-1	2	2	-1	1	2	1	-1	3	1	2	-1	2	1	2	1	-1	1	1	2	1	-1	4	-1	2	2	-1	2	1	1	2	2	2	1	1	1	-1	2	1	1	2	2	3	2	2	2	2	4	2
TCGA-HT-8019	2	-1	-1	-1	4	-1	1	34	-1	1	2	-1	14	-1	-1	-1	1	-1	2	2	-1	1	2	1	2	6	2	1	-1	1	1	2	1	-1	1	1	1	1	-1	4	-1	2	2	-1	2	1	1	2	2	2	1	2	2	-1	1	2	1	2	2	1	2	2	2	2	4	2
TCGA-QH-A65Z	2	2	1	-1	4	1	1	54	1	1	2	1	-1	-1	-1	1	1	2	2	1	2	1	1	1	2	2	1	1	5	1	1	1	2	-1	1	2	6	1	-1	4	1	2	2	-1	2	1	1	2	2	2	1	2	2	1	2	-1	1	2	2	4	2	2	2	1	4	2
TCGA-HT-A74L	2	1	1	-1	2	-1	1	22	-1	1	2	-1	-1	-1	-1	-1	1	2	2	2	-1	1	2	1	2	3	1	1	5	1	1	2	2	-1	1	1	2	1	-1	4	4	2	2	3	2	1	1	2	2	2	4	5	1	1	2	-1	2	2	-1	3	2	2	2	1	4	2
TCGA-HT-A74O	2	1	-1	-1	3	2	3	34	1	1	2	-1	-1	-1	-1	-1	2	-1	2	1	-1	6	2	1	2	5	1	1	-1	1	1	1	1	-1	1	1	3	2	-1	4	-1	2	2	-1	2	1	1	2	2	2	3	1	3	-1	1	-1	-1	2	-1	5	2	1	2	2	4	2
TCGA-S9-A6TU	2	2	1	-1	2	2	3	38	2	1	2	2	-1	-1	-1	2	-1	1	2	1	2	3	2	1	1	1	2	1	6	1	1	1	2	-1	1	1	5	1	-1	4	1	2	2	3	2	1	1	2	-1	2	4	1	3	1	2	-1	2	2	-1	2	2	2	2	1	4	2
TCGA-S9-A6TV	2	2	1	-1	2	1	1	50	2	1	2	1	-1	-1	-1	1	-1	2	2	1	1	6	2	1	2	3	1	1	5	1	1	2	1	-1	1	1	2	2	-1	4	1	2	2	2	2	1	1	2	-1	2	1	2	1	1	1	-1	1	2	-1	3	2	1	2	1	4	2
TCGA-S9-A6TW	2	2	1	-1	2	1	3	40	2	1	2	1	-1	-1	-1	1	-1	2	2	1	2	5	2	1	1	6	1	1	5	1	1	1	1	-1	1	1	1	2	-1	4	1	2	2	3	2	1	1	2	-1	1	4	2	2	1	1	-1	2	2	-1	1	2	2	2	1	4	2
TCGA-S9-A6TS	2	2	-1	-1	2	2	1	48	2	1	2	2	-1	-1	-1	2	-1	1	2	2	1	-1	2	1	1	5	2	2	6	2	1	2	2	-1	1	1	3	2	-1	4	1	2	2	1	2	1	1	2	-1	2	-1	2	3	-1	1	-1	2	2	2	5	2	2	2	2	4	2
TCGA-S9-A6TX	2	2	1	-1	2	2	3	46	2	1	2	1	-1	-1	-1	2	-1	1	2	1	2	6	2	1	1	6	2	1	6	1	1	1	1	-1	1	1	1	2	-1	4	1	2	2	2	2	1	1	2	-1	2	1	1	2	1	1	-1	2	2	-1	1	2	2	2	1	4	2
TCGA-S9-A6TY	2	2	1	-1	2	2	3	50	1	1	2	1	-1	-1	-1	2	-1	2	2	1	2	1	2	1	2	2	2	1	6	1	1	2	2	-1	1	1	6	1	-1	4	1	2	1	3	2	1	1	2	-1	2	1	1	2	2	2	-1	2	2	-1	4	2	2	2	1	4	1
TCGA-S9-A6TZ	2	2	1	-1	2	1	3	39	2	1	2	2	-1	-1	-1	2	-1	1	-1	2	2	2	2	1	1	1	2	1	6	1	1	2	2	-1	1	1	5	2	-1	4	1	2	2	3	2	1	1	2	-1	2	3	2	3	1	2	-1	2	1	-1	2	2	2	2	1	4	2
TCGA-QH-A65V	2	2	1	-1	4	1	1	43	1	1	2	1	-1	-1	-1	1	2	2	2	2	2	1	1	1	2	2	2	1	5	1	1	2	2	-1	1	2	6	1	-1	4	1	2	2	4	2	1	1	2	2	2	1	1	2	1	2	-1	2	2	2	4	2	2	2	1	4	2
TCGA-DB-5275	2	-1	-1	3	2	2	1	36	2	1	2	-1	14	-1	-1	-1	2	-1	1	1	-1	6	2	1	2	3	2	1	-1	1	1	2	1	-1	1	1	2	2	-1	4	-1	2	2	-1	2	1	1	2	2	2	-1	1	1	-1	1	4	1	1	2	3	2	2	2	-1	4	2
TCGA-FG-A70Z	2	2	-1	-1	3	1	3	53	2	1	2	1	-1	-1	-1	-1	1	-1	-1	2	1	6	1	2	2	3	2	1	-1	1	1	1	1	-1	1	2	2	2	-1	4	-1	2	-1	-1	2	1	1	2	-1	-1	4	1	1	-1	1	-1	2	2	2	3	2	1	2	2	4	-1
TCGA-CS-4943	2	-1	-1	-1	2	-1	3	37	1	1	2	-1	10	-1	-1	5	-1	-1	-1	1	-1	1	2	1	-1	5	-1	2	1	2	-1	-1	1	-1	1	1	3	1	-1	4	1	1	-1	-1	2	1	1	-1	-1	-1	3	2	3	-1	1	3	2	-1	-1	5	-1	-1	1	2	4	-1
TCGA-HT-7608	2	-1	-1	-1	4	2	1	61	2	1	2	-1	1	1	-1	-1	2	-1	2	1	-1	5	2	2	2	3	1	1	-1	1	1	2	2	-1	1	1	2	1	-1	4	-1	2	2	-1	2	1	1	2	2	2	1	1	1	-1	2	6	1	2	2	3	2	2	2	2	4	2
TCGA-FG-A70Y	2	2	-1	-1	3	2	3	20	2	1	2	2	-1	-1	-1	-1	2	1	-1	2	2	6	1	1	1	2	1	1	-1	1	1	2	1	-1	1	2	6	2	-1	4	-1	2	-1	2	2	1	1	2	2	-1	1	1	2	-1	2	-1	2	2	2	4	2	1	2	2	4	-1
TCGA-HT-7606	2	-1	-1	-1	3	-1	3	30	-1	1	2	-1	6	-1	-1	-1	2	-1	2	2	-1	6	2	1	2	1	2	1	-1	1	1	2	1	-1	1	1	5	2	-1	4	-1	1	2	-1	2	1	1	-1	2	2	3	2	3	-1	2	8	-1	2	-1	2	2	2	1	-1	4	2
TCGA-HT-7607	2	-1	-1	-1	4	2	3	61	1	1	2	-1	14	2	-1	-1	2	-1	2	2	-1	1	2	1	-1	1	2	2	4	2	1	2	1	-1	1	1	5	1	-1	4	4	2	2	-1	2	1	1	2	2	1	4	2	3	-1	2	2	2	1	2	2	2	2	2	2	4	2
TCGA-HT-7604	2	-1	-1	-1	3	1	3	50	1	1	2	-1	5	-1	-1	-1	2	-1	2	1	-1	6	2	2	2	1	1	1	-1	1	1	2	1	-1	1	1	5	1	-1	4	-1	2	2	-1	2	1	1	2	2	2	4	2	3	-1	2	7	1	1	-1	2	2	2	2	2	4	2
TCGA-HT-7605	2	-1	-1	-1	4	-1	1	38	-1	1	2	-1	1	-1	3	-1	1	-1	2	1	-1	5	2	1	2	2	1	1	-1	1	1	2	2	-1	1	1	6	2	-1	4	-1	1	2	-1	2	1	1	2	2	1	-1	2	2	-1	2	2	-1	2	-1	4	2	2	1	2	4	1
TCGA-HT-7602	2	-1	-1	-1	4	-1	1	21	-1	1	2	-1	14	-1	-1	-1	2	-1	2	1	-1	6	2	1	2	2	2	1	-1	1	1	2	1	-1	1	1	6	2	-1	4	-1	1	2	-1	2	1	1	2	2	2	1	2	2	-1	2	10	1	2	2	4	2	2	1	2	4	2
TCGA-HT-7603	2	-1	-1	-1	4	1	-1	29	2	1	2	-1	5	-1	-1	-1	2	-1	2	1	-1	6	2	1	2	2	2	1	-1	1	1	2	1	-1	1	1	6	2	-1	4	-1	1	2	-1	2	1	1	2	2	2	1	2	2	-1	2	7	-1	2	2	4	2	1	1	2	4	2
TCGA-HT-7601	2	-1	-1	-1	4	2	3	30	1	1	2	-1	14	-1	-1	-1	2	-1	2	2	-1	1	2	1	2	5	1	1	-1	1	1	2	2	-1	1	1	3	1	-1	4	-1	1	2	-1	2	1	1	2	2	2	1	2	3	-1	1	1	-1	2	2	5	2	2	1	2	4	2
TCGA-HT-A74K	2	1	-1	-1	2	-1	1	58	-1	1	2	1	-1	-1	-1	-1	-1	2	-1	2	1	1	2	1	2	6	2	1	-1	1	1	2	2	-1	1	1	1	1	-1	4	-1	2	-1	2	2	1	1	-1	-1	-1	3	2	2	-1	1	-1	1	2	-1	1	-1	2	2	-1	4	-1
TCGA-HT-A74J	2	1	1	-1	2	-1	3	33	1	1	2	2	-1	-1	-1	-1	-1	2	-1	1	2	1	2	1	2	3	1	1	-1	1	1	2	1	-1	1	1	2	1	-1	4	-1	2	-1	3	2	1	1	-1	-1	-1	1	1	1	1	2	-1	-1	2	-1	3	-1	2	2	1	4	-1
TCGA-QH-A65X	2	2	2	-1	4	2	1	28	1	1	2	1	-1	-1	-1	1	2	2	2	2	1	1	1	1	2	3	2	1	5	1	1	2	2	-1	1	2	2	1	-1	4	3	2	2	4	2	1	1	2	2	2	1	2	1	2	1	-1	1	2	2	3	2	2	2	1	4	2
TCGA-CS-6290	2	-1	-1	-1	2	2	3	31	2	1	2	-1	11	-1	-1	1	1	-1	2	1	-1	1	2	-1	-1	5	2	2	5	2	-1	2	2	-1	1	1	3	1	-1	4	1	1	2	-1	2	1	1	2	2	2	1	1	3	-1	1	7	-1	2	-1	5	2	2	1	2	4	2
TCGA-HT-7856	2	-1	-1	-1	4	1	3	35	1	1	2	-1	14	-1	-1	-1	2	-1	2	1	-1	2	2	1	2	6	1	1	-1	1	1	2	1	-1	1	1	1	2	-1	4	-1	2	2	-1	2	1	1	2	2	2	3	2	2	-1	1	2	1	1	2	1	2	2	2	2	4	2
TCGA-VM-A8CH	2	2	1	-1	3	2	1	24	1	1	2	2	-1	-1	-1	-1	1	2	-1	2	2	1	2	1	2	1	1	1	5	1	-1	1	1	-1	1	1	5	1	-1	4	1	2	-1	2	2	1	1	-1	2	-1	3	2	3	1	2	-1	1	2	2	2	-1	1	2	1	4	-1
TCGA-RY-A840	2	2	1	-1	2	-1	3	47	-1	1	2	1	-1	-1	3	2	2	2	2	1	2	1	1	-1	2	6	2	1	5	1	-1	2	1	-1	1	2	1	1	-1	4	4	2	-1	4	2	1	1	2	2	1	1	1	2	1	1	-1	2	2	2	1	2	2	2	1	4	2
TCGA-WH-A86K	2	2	1	-1	3	-1	1	65	-1	1	2	1	-1	-1	-1	2	2	2	2	1	1	5	2	1	2	1	1	1	-1	1	1	2	2	-1	1	1	5	1	-1	4	4	2	2	4	2	1	1	2	2	2	1	2	3	1	2	-1	2	2	-1	2	2	2	2	1	4	2
TCGA-S9-A6U9	2	2	-1	-1	4	2	1	36	1	1	2	2	-1	-1	-1	-1	2	2	2	1	1	1	2	1	2	5	2	1	-1	1	1	2	2	-1	1	1	3	1	-1	4	-1	2	2	3	2	1	1	2	2	2	3	2	3	-1	1	-1	2	1	-1	5	2	2	2	2	4	2
TCGA-S9-A6U8	2	2	-1	-1	4	2	3	24	2	1	2	2	-1	-1	-1	2	-1	1	2	1	2	1	2	1	1	1	2	2	6	2	1	2	2	-1	1	1	5	1	-1	4	1	2	2	3	2	1	1	2	-1	2	3	1	3	-1	2	-1	2	2	-1	2	2	2	2	2	4	2
TCGA-VW-A7QS	2	1	-1	-1	3	1	1	35	1	1	2	1	-1	-1	-1	-1	2	2	2	2	2	6	2	3	2	6	2	1	-1	1	1	2	1	-1	1	1	1	2	-1	4	-1	2	2	4	2	1	1	2	2	2	4	2	2	-1	1	-1	2	1	2	1	2	2	2	2	4	2
TCGA-E1-5307	2	-1	-1	-1	3	1	3	62	1	1	2	-1	14	-1	-1	-1	-1	-1	-1	2	-1	2	2	1	1	5	2	2	7	2	1	2	1	-1	1	1	3	2	-1	4	4	1	-1	-1	2	1	1	2	-1	-1	3	1	3	-1	1	9	2	1	-1	5	2	2	1	-1	4	-1
TCGA-FG-8189	2	2	-1	-1	3	2	1	33	1	2	2	1	-1	-1	2	-1	2	2	2	2	1	1	1	1	2	2	2	1	4	1	1	2	2	-1	1	2	6	1	-1	4	4	2	2	4	2	1	1	1	2	1	3	1	2	-1	2	-1	2	2	2	4	1	2	2	2	4	2
TCGA-E1-5305	2	-1	-1	-1	3	1	1	34	1	1	2	-1	6	-1	-1	-1	1	-1	-1	1	-1	1	2	1	1	5	2	2	6	2	1	2	2	-1	1	1	3	1	-1	4	3	1	-1	-1	2	1	1	1	2	2	1	2	3	-1	1	7	2	2	-1	5	2	2	1	-1	4	1
TCGA-E1-5304	2	-1	-1	-1	3	1	1	42	1	1	2	-1	13	-1	-1	-1	1	-1	2	1	-1	6	2	1	1	5	2	2	5	2	1	1	1	-1	1	1	3	2	-1	4	3	1	2	-1	2	1	1	2	2	2	3	2	3	-1	1	9	2	2	-1	5	2	2	1	-1	4	2
TCGA-E1-5303	2	-1	-1	-1	3	1	3	38	1	1	2	-1	13	-1	-1	-1	1	-1	-1	1	-1	1	2	1	1	5	2	2	7	2	1	2	2	-1	1	1	3	1	-1	4	3	1	-1	-1	2	1	1	2	2	-1	1	2	3	-1	1	9	2	2	2	5	2	2	1	-1	4	-1
TCGA-E1-5302	2	-1	-1	-1	3	1	3	41	1	1	2	-1	12	-1	-1	-1	1	-1	-1	1	-1	1	2	1	1	5	2	2	6	2	1	2	2	-1	1	1	3	1	-1	4	3	1	-1	-1	2	1	1	2	2	-1	1	2	3	-1	1	4	2	2	-1	5	2	2	1	2	4	-1
TCGA-QH-A86X	2	2	1	-1	2	2	3	33	1	1	2	2	-1	-1	-1	2	1	2	2	1	2	1	1	1	2	2	2	1	6	1	1	2	2	-1	1	2	6	1	-1	4	2	2	2	2	2	1	1	2	-1	2	2	2	2	1	2	-1	1	2	2	4	2	2	2	1	4	2
TCGA-DB-5280	2	-1	-1	-1	2	2	1	43	1	1	2	-1	15	-1	-1	-1	2	-1	2	1	-1	1	2	1	2	3	2	1	-1	1	1	2	2	-1	1	1	2	1	-1	4	-1	2	2	-1	2	1	1	2	2	2	1	2	1	-1	2	4	1	2	2	3	2	2	2	-1	4	2
TCGA-DB-5281	2	-1	-1	-1	1	2	3	61	1	1	2	-1	14	-1	-1	-1	2	-1	2	1	-1	1	2	1	2	3	2	1	-1	1	1	2	2	-1	1	1	2	1	-1	4	-1	2	2	-1	2	1	1	2	2	2	2	2	1	-1	1	6	2	1	2	3	2	2	2	2	4	2
TCGA-FN-7833	2	-1	-1	-1	3	-1	2	25	-1	1	2	-1	8	-1	-1	-1	-1	-1	-1	1	-1	2	1	1	2	3	1	1	-1	1	1	2	2	-1	1	2	2	1	-1	4	-1	2	-1	-1	2	1	1	-1	-1	-1	-1	2	1	-1	1	5	-1	1	-1	3	-1	2	2	-1	4	-1
TCGA-DB-A64R	2	1	1	7	2	2	1	24	1	1	2	2	-1	-1	-1	-1	2	2	1	2	2	1	1	-1	2	2	2	1	5	1	2	2	2	-1	1	2	6	1	-1	4	1	2	1	2	2	1	1	2	2	-1	2	2	2	1	2	-1	1	2	2	4	2	2	2	1	4	-1
TCGA-DB-A64S	2	1	-1	-1	2	2	-1	20	2	1	2	2	-1	-1	-1	-1	2	2	-1	1	2	-1	1	1	2	3	2	1	6	1	1	2	2	-1	1	2	2	2	-1	4	1	2	2	2	2	1	1	2	2	2	-1	2	1	-1	2	-1	1	2	2	3	2	2	2	2	4	-1
TCGA-DB-A64P	2	1	1	-1	2	1	3	40	1	1	2	1	-1	-1	-1	-1	1	2	-1	1	2	1	1	1	2	6	2	1	-1	1	1	2	2	-1	1	2	1	1	-1	4	-1	2	-1	2	2	1	1	2	2	2	1	2	2	1	1	-1	1	2	2	1	2	2	2	1	4	-1
TCGA-DB-A64Q	2	1	1	-1	2	2	3	31	1	1	2	1	-1	-1	-1	-1	2	2	-1	2	2	1	1	-1	2	3	2	1	5	1	-1	2	2	-1	1	2	2	1	-1	4	1	2	-1	4	2	1	1	2	2	2	4	2	1	1	2	-1	2	2	2	3	2	2	2	1	4	-1
TCGA-DB-A64V	2	1	-1	-1	2	2	3	54	1	1	2	1	-1	-1	-1	-1	1	2	-1	1	2	1	1	1	2	2	2	1	5	1	1	2	2	-1	1	2	6	1	-1	4	1	2	-1	4	2	1	1	2	2	2	1	2	2	-1	2	-1	2	2	2	4	2	2	2	2	4	-1
TCGA-DB-A64W	2	1	1	-1	2	1	1	65	1	1	2	1	-1	-1	-1	-1	-1	2	-1	2	1	1	1	1	-1	3	2	2	5	2	1	2	2	-1	1	2	2	1	-1	4	1	2	-1	4	2	1	1	2	-1	-1	3	2	1	1	1	-1	2	2	2	3	2	2	2	1	4	-1
TCGA-DB-A64U	2	1	-1	4	2	2	1	38	1	1	2	2	-1	-1	-1	-1	2	2	1	2	2	-1	1	1	2	3	2	1	5	1	1	2	2	-1	1	2	2	2	-1	4	1	2	1	2	2	1	1	2	2	2	-1	2	1	-1	2	-1	1	2	2	3	2	2	2	2	4	2
TCGA-DB-A64X	2	1	1	-1	2	2	1	56	2	1	2	1	-1	-1	-1	-1	1	2	-1	2	1	5	1	1	2	5	1	1	5	1	1	2	2	-1	1	2	3	2	-1	4	1	2	-1	4	2	1	1	2	2	2	2	2	3	1	1	-1	1	2	2	5	2	2	2	1	4	-1
TCGA-CS-4944	2	-1	-1	-1	2	-1	1	50	-1	1	2	-1	12	-1	-1	1	-1	-1	-1	1	-1	2	2	1	2	1	2	1	5	1	-1	2	2	-1	1	1	5	-1	-1	4	1	1	-1	-1	2	1	1	-1	-1	-1	-1	1	3	-1	2	4	2	1	2	2	-1	2	1	2	4	-1
TCGA-HT-7858	2	-1	-1	-1	4	-1	1	28	-1	1	2	-1	7	-1	-1	-1	2	-1	2	1	-1	6	2	1	2	1	2	1	-1	1	1	2	1	-1	1	1	5	2	-1	4	-1	2	2	-1	2	1	1	2	2	2	3	2	3	-1	2	9	1	2	2	2	2	2	2	2	4	2
TCGA-HT-7857	2	-1	-1	-1	3	1	3	24	1	1	2	-1	14	-1	-1	-1	-1	-1	2	2	-1	5	-1	1	2	5	1	1	-1	1	1	2	1	-1	1	-1	3	2	-1	4	-1	2	2	-1	2	1	1	2	-1	2	1	4	3	-1	1	4	1	2	-1	5	2	1	2	-1	4	2
TCGA-CS-4942	2	-1	-1	-1	4	2	1	44	2	1	2	-1	11	-1	-1	1	2	-1	2	2	-1	2	2	2	1	5	1	2	5	2	-1	1	2	-1	1	1	3	1	-1	4	1	1	2	-1	2	1	1	2	2	2	1	2	3	-1	1	7	2	1	2	5	2	2	1	2	4	2
TCGA-HT-7855	2	-1	-1	-1	2	1	3	39	2	1	2	-1	15	-1	-1	-1	2	-1	2	1	-1	6	2	1	2	5	1	1	-1	1	1	2	1	-1	1	1	3	2	-1	4	-1	2	2	-1	2	1	1	2	2	2	2	5	3	-1	1	9	1	1	2	5	2	2	2	2	4	2
TCGA-HT-7854	2	-1	-1	-1	4	1	3	62	1	1	2	-1	4	-1	-1	-1	2	-1	2	1	-1	4	2	1	1	1	2	1	6	1	1	2	1	-1	1	1	5	2	-1	4	3	2	2	-1	2	1	1	2	2	2	4	1	3	-1	2	9	1	1	2	2	2	1	2	2	4	2
TCGA-DB-A64O	2	1	1	-1	2	1	3	59	1	1	2	2	-1	-1	-1	-1	1	1	-1	1	1	5	1	1	1	3	1	2	-1	2	1	2	2	-1	1	2	2	2	-1	4	-1	2	-1	4	2	1	1	2	2	2	2	1	1	2	2	-1	2	2	2	3	2	2	2	1	4	-1
TCGA-DB-A64L	2	1	1	-1	2	-1	1	67	1	1	2	2	-1	-1	-1	-1	1	2	-1	2	2	1	1	1	1	2	2	1	4	1	1	2	2	-1	1	2	6	1	-1	4	1	2	2	2	2	1	1	2	2	2	1	2	2	1	2	-1	1	2	1	4	2	2	2	1	4	2
TCGA-HT-7609	2	-1	-1	-1	4	2	1	34	2	1	2	-1	14	-1	-1	-1	2	-1	2	1	-1	6	2	1	2	3	2	1	5	1	1	2	1	-1	1	1	2	2	-1	4	4	2	2	-1	2	1	1	1	2	2	4	2	1	-1	1	10	1	1	2	3	2	2	2	2	4	2
TCGA-VV-A86M	2	1	-1	-1	3	-1	3	36	-1	1	2	1	-1	-1	-1	-1	-1	2	2	2	1	3	2	-1	2	5	2	1	-1	1	2	1	2	-1	1	1	3	1	-1	4	-1	2	2	-1	2	1	1	2	-1	2	3	2	3	-1	1	-1	2	1	-1	5	-1	2	2	-1	4	2
