	TARGETED_MOLECULAR_THERAPY	AGE	KRAS_MUTATION_IDENTIFIED_TYPE	VIAL_NUMBER	TUMOR_TISSUE_SITE	PRIMARY_SITE_OTHER	RADIATION_TREATMENT_ADJUVANT	MUTATION_TYPE	ECOG_SCORE	NEW_TUMOR_EVENT_AFTER_INITIAL_TREATMENT	ICD_O_3_HISTOLOGY	DAYS_TO_INITIAL_PATHOLOGIC_DIAGNOSIS	AJCC_STAGING_EDITION	OCT_EMBEDDED	PROSPECTIVE_COLLECTION	RACE	DFS_STATUS	VITAL_STATUS	KARNOFSKY_PERFORMANCE_SCORE	OS_STATUS	ETHNICITY	AJCC_TUMOR_PATHOLOGIC_PT	MUTATION_STATUS	RETROSPECTIVE_COLLECTION	PULMONARY_FUNCTION_TEST_INDICATOR	HISTORY_NEOADJUVANT_TRTYN	INFORMED_CONSENT_VERIFIED	ALK_TRANSLOCATION_STATUS	ICD_O_3_SITE	TREATMENT_OUTCOME_FIRST_COURSE	ALK_ANALYSIS_TYPE	AJCC_PATHOLOGIC_TUMOR_STAGE	AJCC_METASTASIS_PATHOLOGIC_PM	AJCC_NODES_PATHOLOGIC_PN	HISTORY_OTHER_MALIGNANCY	HISTOLOGICAL_DIAGNOSIS	PERFORMANCE_STATUS_TIMING	TOBACCO_SMOKING_HISTORY_INDICATOR	SHORTEST_DIMENSION	TUMOR_STATUS	RESIDUAL_TUMOR	KRAS_MUTATION	KRAS_GENE_ANALYSIS_INDICATOR	ICD_10	GENDER	PRIMARY_SITE	LOCATION_LUNG_PARENCHYMA
TCGA-56-7223	-1	66	-1	1	1	-1	-1	-1	-1	-1	2	1	5	-1	1	1	1	1	-1	2	1	7	-1	2	-1	3	1	-1	6	-1	-1	3	5	3	4	1	-1	5	2	1	2	-1	-1	7	1	7	-1
TCGA-56-7222	-1	60	-1	1	1	-1	-1	-1	4	-1	2	1	5	-1	1	1	1	1	5	2	1	3	2	2	1	3	1	2	1	-1	-1	1	4	2	4	1	1	3	4	1	-1	-1	2	2	1	2	1
TCGA-22-4605	-1	78	-1	1	1	-1	-1	-1	-1	-1	4	1	2	-1	2	-1	-1	1	-1	2	-1	6	2	1	1	3	1	2	1	-1	-1	1	4	2	4	1	-1	5	4	1	2	-1	2	1	2	2	-1
TCGA-22-4604	-1	73	-1	1	1	-1	-1	-1	1	-1	2	1	-1	-1	2	1	1	1	4	2	-1	3	2	1	-1	3	1	2	1	-1	-1	2	4	3	4	1	2	3	4	2	2	-1	2	2	1	1	1
TCGA-22-4601	-1	73	-1	1	1	-1	-1	-1	-1	-1	2	1	-1	-1	2	1	1	1	4	2	-1	4	2	1	-1	3	1	2	1	-1	-1	3	4	2	4	1	-1	3	4	2	2	-1	2	2	2	2	-1
TCGA-60-2703	-1	73	-1	1	1	-1	-1	-1	1	-1	2	1	3	-1	2	1	1	1	-1	2	1	6	2	1	-1	3	1	-1	5	-1	-1	2	4	3	4	1	1	5	5	-1	2	-1	2	6	1	7	2
TCGA-56-7221	-1	79	-1	1	1	-1	-1	-1	-1	-1	2	1	5	-1	1	1	2	2	-1	1	-1	6	-1	2	-1	3	1	-1	3	-1	-1	1	4	2	2	1	-1	2	4	1	2	-1	-1	4	1	7	-1
TCGA-22-4609	-1	81	-1	1	1	-1	-1	-1	-1	-1	2	1	2	-1	2	1	-1	1	-1	2	-1	8	2	1	1	3	1	2	1	-1	-1	1	4	2	4	1	-1	3	6	1	2	-1	2	2	1	2	-1
TCGA-77-8128	2	60	-1	1	1	6	2	-1	-1	-1	2	1	2	-1	2	-1	-1	1	-1	2	-1	6	2	1	1	3	1	2	5	-1	-1	3	4	4	4	1	1	3	6	-1	2	-1	2	6	1	4	1
TCGA-60-2715	-1	51	-1	1	1	-1	-1	-1	1	-1	2	1	2	-1	2	1	-1	1	8	2	1	8	2	1	1	3	1	2	1	-1	-1	1	4	2	2	1	1	5	3	2	1	-1	2	2	1	1	-1
TCGA-92-7340	-1	45	-1	1	1	-1	-1	-1	3	-1	2	1	5	-1	1	1	2	2	7	1	1	3	2	2	-1	3	1	2	1	-1	-1	2	5	3	4	1	1	5	3	2	3	-1	2	2	2	2	1
TCGA-18-3410	-1	81	-1	1	1	-1	-1	-1	-1	-1	2	1	-1	-1	2	-1	-1	1	4	2	-1	7	-1	1	-1	3	1	-1	3	-1	-1	2	4	2	2	1	-1	2	3	1	2	-1	-1	4	1	7	2
TCGA-85-6561	-1	66	-1	1	1	-1	-1	-1	-1	-1	2	1	5	-1	1	1	2	2	-1	1	1	3	-1	2	2	3	1	-1	1	-1	-1	1	4	1	4	1	-1	5	6	1	2	-1	2	2	1	2	1
TCGA-85-6560	-1	59	-1	1	1	-1	-1	-1	-1	-1	2	1	5	-1	1	1	2	2	-1	1	1	2	-1	2	2	3	1	-1	1	-1	-1	2	4	3	4	1	-1	5	6	2	2	-1	2	2	1	2	2
TCGA-60-2716	-1	39	-1	1	1	-1	-1	-1	-1	-1	2	1	-1	-1	2	-1	2	2	-1	1	1	6	2	1	-1	3	1	2	5	-1	-1	2	4	3	4	1	-1	1	3	1	2	-1	2	6	1	1	1
TCGA-60-2711	-1	64	-1	1	1	-1	-1	-1	-1	-1	2	1	-1	-1	2	1	2	2	-1	1	1	6	2	1	-1	3	1	2	5	-1	-1	1	4	2	2	1	-1	5	3	1	2	-1	2	6	2	7	2
TCGA-98-A53A	2	70	-1	1	1	-1	2	-1	-1	2	2	1	5	2	1	2	-1	1	-1	2	1	3	1	2	1	3	1	1	4	-1	1	1	4	2	4	1	1	3	-1	-1	2	2	1	5	1	6	-1
TCGA-18-3417	-1	65	-1	1	1	-1	-1	-1	-1	-1	2	1	-1	-1	2	-1	-1	1	-1	2	-1	6	-1	1	-1	3	1	-1	5	-1	-1	4	3	3	4	1	-1	2	3	1	2	-1	-1	6	1	2	-1
TCGA-37-4133	-1	63	-1	1	1	-1	-1	-1	3	-1	2	1	5	-1	2	1	2	2	2	1	1	4	2	1	1	3	1	2	5	-1	-1	3	4	2	4	1	3	5	6	1	2	-1	2	6	1	7	2
TCGA-56-8201	-1	74	-1	1	1	-1	-1	-1	-1	2	2	1	5	-1	1	1	-1	1	-1	2	1	7	-1	2	-1	3	1	-1	1	-1	-1	2	5	2	3	1	-1	5	3	1	2	-1	-1	2	1	2	-1
TCGA-37-4130	-1	56	-1	1	1	-1	-1	-1	2	-1	2	1	5	-1	2	1	2	2	6	1	1	2	2	1	1	3	1	2	1	-1	-1	1	4	2	4	1	1	5	3	1	2	-1	2	2	1	2	1
TCGA-18-3414	-1	73	-1	1	1	-1	-1	-1	-1	-1	2	1	-1	-1	2	3	-1	1	4	2	1	4	-1	1	-1	3	1	-1	3	-1	-1	4	3	3	4	1	-1	5	6	1	2	-1	-1	4	1	7	-1
TCGA-37-4135	-1	68	-1	1	1	-1	-1	-1	2	-1	2	1	5	-1	2	1	2	2	7	1	1	3	2	1	1	3	1	2	3	-1	-1	1	4	2	4	1	2	5	6	1	2	-1	2	4	1	7	2
TCGA-18-3415	-1	77	-1	1	1	-1	-1	-1	-1	-1	2	1	-1	-1	2	-1	-1	1	-1	2	-1	6	-1	1	-1	3	1	-1	1	-1	-1	1	4	2	4	1	-1	2	4	1	2	-1	-1	2	1	2	-1
TCGA-NC-A5HP	1	69	-1	1	1	-1	2	-1	-1	1	5	1	5	2	2	1	1	1	-1	2	-1	3	2	1	1	3	1	2	1	2	-1	4	2	2	4	1	-1	3	-1	2	2	-1	2	2	1	1	2
TCGA-NC-A5HQ	1	70	-1	1	1	-1	1	-1	2	2	5	1	5	2	2	1	-1	1	-1	2	-1	7	2	1	1	3	1	2	4	1	-1	3	4	4	4	1	4	3	-1	-1	2	-1	2	5	1	6	1
TCGA-NC-A5HR	1	75	-1	1	1	-1	2	-1	2	2	1	1	5	2	2	1	2	2	-1	1	-1	3	2	1	1	3	1	2	3	1	-1	2	4	3	3	1	4	5	-1	1	2	-1	2	4	2	7	1
TCGA-56-7822	-1	75	-1	1	1	-1	-1	-1	2	-1	2	1	5	-1	1	2	1	1	7	2	1	5	-1	2	1	3	1	-1	1	-1	-1	2	4	3	4	1	1	5	4	2	2	-1	-1	2	1	2	-1
TCGA-NC-A5HT	2	69	-1	1	1	7	2	-1	-1	1	2	1	5	2	2	1	1	2	-1	1	-1	7	2	1	1	3	1	2	6	1	-1	3	4	3	4	1	-1	5	-1	2	2	-1	2	7	1	4	1
TCGA-NC-A5HH	2	53	-1	1	1	-1	2	-1	-1	2	1	1	2	2	2	1	2	2	-1	1	-1	8	2	1	1	3	1	2	3	1	-1	1	4	2	4	1	-1	3	-1	1	2	-1	2	4	1	3	2
TCGA-NC-A5HI	1	68	-1	1	1	-1	2	-1	-1	1	2	1	2	2	2	1	1	2	-1	1	-1	6	2	1	1	3	1	2	3	1	-1	1	4	2	4	1	-1	3	-1	1	2	-1	2	4	2	7	2
TCGA-NC-A5HJ	2	59	-1	1	1	-1	2	-1	2	1	2	1	2	2	2	1	1	1	-1	2	-1	7	2	1	1	3	1	2	4	1	-1	2	4	2	4	1	4	5	-1	2	2	-1	2	5	1	6	2
TCGA-NC-A5HK	1	58	-1	1	1	3	2	-1	2	2	2	1	5	2	2	1	2	2	-1	1	-1	7	2	1	1	3	1	2	6	1	-1	2	4	2	4	1	4	5	-1	1	2	-1	2	7	2	4	2
TCGA-NC-A5HL	2	73	-1	1	1	-1	2	-1	-1	2	2	1	5	2	2	1	-1	1	-1	2	-1	5	2	1	1	3	1	2	1	-1	-1	2	4	2	4	1	-1	5	-1	1	2	-1	2	2	1	2	1
TCGA-NK-A5D1	1	57	-1	1	1	-1	-1	-1	-1	1	2	1	5	2	-1	1	1	2	-1	1	1	3	2	-1	2	3	1	2	1	2	-1	2	4	3	3	1	-1	-1	-1	2	-1	-1	2	2	1	2	-1
TCGA-NC-A5HN	2	77	-1	1	1	-1	2	-1	-1	2	2	1	5	2	2	1	2	2	-1	1	-1	3	2	1	1	3	1	2	3	1	-1	2	4	3	4	1	-1	5	-1	1	2	-1	2	4	1	3	1
TCGA-NC-A5HO	1	70	-1	1	1	-1	2	-1	2	2	5	1	5	2	2	1	2	2	-1	1	-1	7	2	1	1	3	1	2	1	1	-1	3	4	3	4	1	4	5	-1	1	-1	-1	2	2	2	1	1
TCGA-NC-A5HD	2	79	-1	1	1	-1	2	-1	-1	2	2	1	2	2	2	1	-1	1	-1	2	-1	7	2	1	1	3	1	2	1	-1	-1	2	4	2	3	1	-1	5	-1	1	2	-1	2	2	1	1	2
TCGA-NC-A5HE	1	60	-1	1	1	-1	2	-1	1	2	2	1	2	2	2	1	2	2	-1	1	-1	6	2	1	1	3	1	2	1	1	-1	2	4	3	3	1	4	5	-1	1	2	-1	2	2	1	1	1
TCGA-NC-A5HF	2	74	-1	1	1	-1	2	-1	-1	1	5	1	2	2	2	1	1	1	-1	2	-1	4	2	1	1	3	1	2	3	2	-1	3	5	2	4	1	-1	3	-1	2	2	-1	2	4	1	3	2
TCGA-NC-A5HG	1	59	-1	1	1	-1	1	-1	2	2	1	1	2	2	2	1	2	2	-1	1	-1	6	2	1	1	3	1	2	3	1	-1	3	4	4	4	1	4	5	-1	1	2	-1	2	4	1	7	1
TCGA-NK-A5CR	2	77	-1	1	1	-1	2	-1	-1	2	2	1	2	2	2	-1	2	2	-1	1	1	6	2	1	1	3	1	2	1	3	-1	1	5	2	4	1	-1	2	-1	1	-1	-1	2	2	1	2	-1
TCGA-NK-A5CT	2	70	-1	1	1	-1	2	-1	-1	2	2	1	2	2	2	1	1	2	-1	1	1	8	2	1	2	3	1	2	3	3	-1	1	4	2	3	1	-1	-1	-1	1	-1	-1	2	4	1	3	-1
TCGA-NK-A5CX	2	73	-1	1	1	-1	2	-1	-1	2	2	1	5	2	2	1	2	2	-1	1	1	5	2	1	2	3	1	2	3	3	-1	2	5	2	4	1	-1	5	-1	1	-1	-1	2	4	1	7	-1
TCGA-77-A5FZ	2	64	-1	1	1	-1	2	-1	2	-1	6	1	2	1	2	-1	-1	1	-1	2	-1	4	2	1	1	3	1	2	1	1	-1	3	4	2	4	1	1	5	-1	-1	2	-1	2	2	1	1	1
TCGA-39-5016	-1	44	-1	1	1	-1	-1	-1	-1	-1	1	1	2	-1	2	1	2	2	-1	1	-1	3	2	1	1	3	1	2	3	-1	-1	2	4	3	4	1	-1	5	3	1	2	-1	2	4	1	7	1
TCGA-39-5011	-1	70	-1	1	1	-1	-1	-1	-1	-1	2	1	2	-1	2	1	1	2	-1	1	1	2	2	1	1	3	1	2	5	-1	-1	1	4	2	4	1	-1	5	6	1	2	-1	2	6	2	7	2
TCGA-60-2695	-1	74	-1	1	1	-1	-1	-1	-1	-1	1	1	-1	-1	2	1	2	2	-1	1	1	6	2	1	-1	3	1	2	1	-1	-1	1	4	2	4	1	-1	2	6	1	2	-1	2	2	2	1	-1
TCGA-60-2696	-1	76	-1	1	1	-1	-1	-1	-1	-1	2	1	-1	-1	2	2	-1	1	4	2	1	6	2	1	-1	1	1	2	1	-1	-1	2	4	2	2	1	-1	2	5	-1	1	-1	2	2	2	1	1
TCGA-60-2697	-1	41	-1	1	1	-1	-1	-1	-1	-1	2	1	1	-1	2	1	1	1	-1	2	-1	6	2	1	-1	1	1	2	5	-1	-1	2	4	4	4	1	-1	-1	3	2	1	-1	2	6	1	6	-1
TCGA-60-2698	-1	62	-1	1	1	-1	-1	-1	-1	-1	2	1	-1	-1	2	1	1	1	4	2	-1	6	2	1	-1	3	1	2	3	-1	-1	2	4	3	4	1	-1	5	5	2	1	-1	2	4	1	7	-1
TCGA-56-7731	-1	66	-1	1	1	-1	-1	-1	-1	-1	2	1	5	-1	1	1	-1	1	-1	2	1	3	-1	2	1	3	1	-1	1	-1	-1	1	5	2	4	1	-1	5	2	1	-1	-1	-1	2	2	2	-1
TCGA-56-7730	-1	73	-1	1	1	-1	-1	-1	-1	-1	2	1	5	-1	1	1	-1	1	-1	2	1	5	-1	2	1	3	1	-1	1	-1	-1	2	4	2	4	1	-1	3	4	2	3	-1	2	2	1	2	2
TCGA-68-8250	2	66	-1	1	1	-1	2	-1	-1	2	2	1	5	-1	2	2	2	2	-1	1	1	1	2	1	1	3	1	-1	1	-1	-1	1	5	2	1	1	-1	5	3	1	-1	-1	-1	2	1	2	-1
TCGA-56-A62T	-1	78	-1	1	1	-1	-1	-1	2	2	2	1	5	1	1	2	2	2	6	1	1	5	2	2	1	3	1	2	1	-1	-1	2	5	2	4	1	1	3	-1	2	3	-1	2	2	1	1	1
TCGA-34-5232	-1	75	-1	1	1	-1	-1	-1	-1	-1	2	1	2	-1	2	2	2	2	-1	1	1	8	1	1	2	3	1	-1	1	-1	-1	2	4	3	4	1	-1	-1	6	1	-1	-1	-1	2	2	1	-1
TCGA-34-5231	-1	72	-1	1	1	-1	-1	-1	-1	-1	2	1	2	-1	2	1	-1	1	-1	2	1	8	1	1	-1	3	1	-1	1	-1	-1	1	4	2	4	1	-1	2	3	1	-1	-1	-1	2	1	2	-1
TCGA-34-5236	-1	60	-1	1	1	-1	-1	-1	-1	-1	2	1	2	-1	2	1	1	1	-1	2	1	7	1	1	-1	3	1	-1	1	-1	-1	2	4	2	4	1	-1	-1	4	2	-1	-1	-1	2	1	1	-1
TCGA-34-5234	-1	71	-1	1	1	-1	-1	-1	-1	-1	2	1	2	-1	2	1	2	2	6	1	1	8	2	1	2	3	1	-1	1	-1	-1	1	4	2	4	1	-1	5	3	1	2	-1	2	2	2	1	1
TCGA-34-A5IX	2	80	-1	1	1	-1	2	-1	-1	2	2	1	5	2	1	1	2	2	-1	1	1	7	-1	2	2	3	1	-1	3	1	-1	2	4	2	4	1	-1	5	-1	1	-1	-1	-1	4	1	7	-1
TCGA-34-5239	-1	75	-1	1	1	-1	-1	-1	-1	-1	2	1	5	-1	2	1	1	2	-1	1	1	4	1	1	2	3	1	1	1	-1	-1	3	4	2	4	1	-1	-1	3	2	-1	-1	-1	2	1	1	-1
TCGA-58-A46M	2	61	-1	1	1	-1	2	-1	1	2	2	1	5	2	2	1	2	2	8	1	1	5	2	1	1	3	1	2	3	1	-1	2	4	3	4	1	1	3	-1	1	2	-1	2	4	1	3	1
TCGA-58-A46L	1	73	-1	1	1	-1	2	-1	1	2	1	1	2	2	2	1	2	2	8	1	1	6	2	1	1	3	1	2	1	1	-1	3	4	4	4	1	1	4	-1	1	2	-1	2	2	1	2	1
TCGA-58-A46N	2	52	-1	1	1	-1	2	-1	1	2	1	1	5	2	2	1	1	2	6	1	1	3	2	1	1	3	1	2	3	1	-1	1	4	2	4	1	1	3	-1	1	2	-1	2	4	1	7	1
TCGA-85-A513	-1	60	-1	1	1	-1	-1	-1	-1	-1	2	1	5	2	1	3	2	2	-1	1	1	1	2	2	2	3	1	2	1	-1	-1	1	4	1	4	1	-1	1	-1	1	2	-1	2	2	2	1	2
TCGA-85-A512	-1	46	-1	1	1	-1	-1	-1	-1	-1	2	1	5	2	1	1	2	2	6	1	1	2	2	2	2	3	1	2	3	-1	-1	2	4	3	4	1	1	3	-1	1	2	-1	2	4	1	1	1
TCGA-58-A46K	1	59	-1	1	1	-1	1	-1	1	1	1	1	2	2	2	1	1	1	8	2	1	6	2	1	1	3	1	2	3	1	-1	3	4	4	4	1	1	5	-1	2	2	-1	2	4	1	7	2
TCGA-58-A46J	1	64	-1	1	1	-1	2	-1	-1	2	2	1	2	2	2	1	2	2	7	1	1	6	2	1	1	3	1	2	3	1	-1	2	4	3	4	1	1	3	-1	1	2	-1	2	4	1	2	1
TCGA-56-5898	-1	69	-1	1	1	-1	-1	-1	-1	-1	2	1	5	-1	2	1	2	2	-1	1	1	2	-1	1	2	3	1	-1	1	-1	-1	1	4	2	4	1	-1	3	3	1	2	-1	-1	2	1	2	-1
TCGA-51-4079	-1	73	-1	1	1	-1	-1	-1	-1	-1	2	1	2	-1	2	2	-1	1	-1	2	1	6	2	1	-1	3	1	2	1	-1	-1	1	-1	2	4	1	-1	5	4	-1	2	-1	2	2	2	2	1
TCGA-68-A59J	2	74	-1	1	1	-1	2	-1	-1	2	2	1	5	2	1	1	2	2	-1	1	1	3	-1	2	1	3	1	-1	3	1	-1	1	5	2	4	1	-1	5	-1	1	2	-1	-1	4	2	7	-1
TCGA-22-5491	-1	74	-1	1	1	-1	-1	-1	-1	-1	2	1	-1	-1	2	1	-1	1	4	2	-1	1	2	1	-1	3	1	2	3	-1	-1	1	4	2	4	1	-1	3	4	-1	2	-1	2	4	1	3	-1
TCGA-22-5492	-1	73	-1	1	1	-1	-1	-1	-1	-1	2	1	-1	-1	2	-1	-1	1	4	2	-1	3	2	1	-1	3	1	2	1	-1	-1	3	4	4	4	1	-1	5	4	-1	2	-1	2	2	2	1	-1
TCGA-90-6837	-1	64	-1	1	1	-1	-1	-1	1	-1	2	1	5	-1	1	1	2	2	-1	1	1	7	-1	2	2	3	1	-1	6	-1	-1	2	5	2	4	1	2	5	3	1	2	-1	2	7	1	2	-1
TCGA-22-4607	-1	75	-1	1	1	-1	-1	-1	4	-1	2	1	-1	-1	2	1	-1	1	-1	2	-1	3	2	1	-1	3	1	2	3	-1	-1	1	4	2	4	1	2	2	6	1	2	-1	2	4	1	7	2
TCGA-94-A5I4	2	61	-1	1	1	-1	2	-1	3	2	2	1	5	2	1	1	1	2	-1	1	1	3	2	2	2	3	1	2	2	1	-1	2	5	3	3	1	4	5	-1	1	1	-1	2	3	1	5	1
TCGA-94-A5I6	1	62	-1	1	1	-1	2	-1	3	2	2	1	5	2	1	1	1	2	-1	1	1	7	2	2	2	3	1	2	3	-1	-1	2	4	2	4	1	3	5	-1	1	1	-1	2	4	1	3	2
TCGA-43-2581	-1	47	-1	1	1	-1	-1	-1	2	-1	2	1	2	-1	1	1	2	2	-1	1	1	7	-1	2	1	3	1	-1	1	-1	-1	3	4	3	4	1	4	3	6	1	2	-1	2	2	2	2	-1
TCGA-85-8481	-1	70	-1	1	1	-1	-1	-1	3	-1	2	1	5	-1	1	1	-1	1	5	2	1	7	2	2	2	3	1	2	1	-1	-1	2	4	2	4	1	1	5	3	1	2	-1	2	2	1	1	2
TCGA-66-2769	-1	75	-1	1	1	-1	-1	-1	-1	-1	2	1	2	-1	2	-1	-1	1	-1	2	-1	4	-1	1	-1	3	1	-1	1	-1	-1	3	4	2	4	1	-1	2	3	-1	3	-1	-1	2	1	1	-1
TCGA-66-2763	-1	63	-1	1	1	-1	-1	-1	-1	-1	2	1	2	-1	2	-1	2	2	-1	1	-1	6	-1	1	-1	3	1	-1	1	-1	-1	1	4	2	4	1	-1	5	8	1	2	-1	-1	2	2	1	-1
TCGA-66-2766	-1	54	-1	1	1	-1	-1	-1	-1	-1	2	1	2	-1	2	-1	2	2	-1	1	-1	6	-1	1	-1	3	1	-1	1	-1	-1	3	4	4	4	1	-1	5	5	1	2	-1	-1	2	1	1	-1
TCGA-66-2767	-1	62	-1	1	1	-1	-1	-1	-1	-1	2	1	2	-1	2	-1	2	2	-1	1	-1	6	-1	1	-1	3	1	-1	3	-1	-1	3	4	5	4	1	-1	5	4	1	2	-1	-1	4	1	7	-1
TCGA-66-2765	-1	64	-1	1	1	-1	-1	-1	-1	-1	2	1	2	-1	2	-1	2	2	-1	1	-1	6	-1	1	-1	3	1	-1	3	-1	-1	1	4	2	4	1	-1	5	4	1	2	-1	-1	4	1	3	-1
TCGA-66-2768	-1	57	-1	1	1	-1	-1	-1	-1	-1	2	1	2	-1	2	-1	2	2	-1	1	-1	6	-1	1	-1	3	1	-1	3	-1	-1	2	4	3	4	1	-1	3	3	1	2	-1	-1	4	1	3	-1
TCGA-33-A4WN	-1	60	-1	1	1	-1	-1	-1	2	2	2	1	5	2	1	1	-1	1	6	2	1	3	-1	2	2	3	1	-1	1	1	-1	1	5	2	4	1	1	3	-1	1	2	-1	-1	2	1	2	-1
TCGA-85-8352	-1	67	-1	1	1	-1	-1	-1	-1	-1	2	1	5	-1	1	1	1	1	7	2	1	7	-1	2	2	3	1	-1	1	1	-1	3	4	3	4	1	-1	3	3	1	2	-1	2	2	1	2	2
TCGA-85-8353	-1	72	-1	1	1	-1	-1	-1	-1	-1	2	1	5	-1	1	1	-1	1	5	2	1	7	2	2	2	3	1	-1	3	3	-1	3	4	3	4	1	-1	3	5	2	2	-1	2	4	1	7	2
TCGA-85-8350	-1	61	-1	1	1	-1	-1	-1	-1	-1	2	1	5	-1	1	1	2	2	-1	1	1	2	2	2	-1	3	1	-1	1	1	-1	1	4	2	4	1	-1	3	6	1	2	-1	2	2	1	2	2
TCGA-85-8351	-1	72	-1	1	1	-1	-1	-1	-1	-1	2	1	5	-1	1	1	2	2	-1	1	1	3	2	2	-1	3	1	-1	3	1	-1	2	4	3	4	1	-1	3	5	1	2	-1	2	4	1	7	2
TCGA-34-7107	-1	70	-1	1	1	-1	-1	-1	-1	-1	2	1	5	-1	2	1	-1	1	-1	2	1	3	-1	1	-1	3	1	-1	3	-1	-1	2	4	2	4	1	-1	5	4	-1	-1	-1	-1	4	1	7	-1
TCGA-85-8052	-1	53	-1	1	1	-1	-1	-1	-1	2	2	1	5	-1	1	1	2	2	-1	1	1	7	2	2	2	3	1	2	1	1	-1	2	4	2	4	1	-1	3	5	1	2	-1	2	2	1	2	2
TCGA-L3-A4E7	2	71	-1	1	1	-1	2	-1	2	2	2	1	5	2	2	1	2	2	-1	1	1	3	2	1	1	3	1	2	3	1	-1	1	4	2	4	1	4	3	-1	1	2	-1	2	4	1	7	1
TCGA-NK-A7XE	-1	66	-1	1	1	-1	-1	-1	-1	2	2	1	5	2	-1	2	2	2	-1	1	1	4	2	-1	2	3	1	2	1	3	-1	3	4	4	3	1	-1	4	-1	1	-1	-1	2	2	1	1	-1
TCGA-34-8455	2	67	-1	1	1	-1	2	-1	-1	2	2	1	5	-1	1	1	-1	1	-1	2	1	4	-1	2	2	3	1	-1	1	-1	-1	4	1	2	4	1	-1	5	3	2	2	-1	-1	2	1	1	-1
TCGA-34-8454	1	62	-1	1	1	-1	2	-1	-1	2	2	1	5	-1	1	1	2	2	-1	1	1	7	-1	2	2	3	1	-1	3	1	-1	3	4	3	4	1	-1	5	4	1	2	-1	-1	4	2	7	-1
TCGA-56-7579	-1	61	-1	1	1	-1	-1	-1	-1	-1	2	1	5	-1	1	1	1	1	-1	2	1	7	-1	2	-1	3	1	-1	1	-1	-1	3	4	3	4	1	-1	5	4	1	2	-1	-1	2	1	1	-1
TCGA-34-8456	2	71	-1	1	1	-1	2	-1	-1	2	2	1	5	-1	1	1	2	2	-1	1	1	3	-1	2	2	3	1	-1	3	-1	-1	2	4	3	4	1	-1	4	4	1	2	-1	-1	4	2	7	-1
TCGA-85-7843	-1	50	-1	1	1	-1	-1	-1	3	-1	2	1	5	-1	1	1	2	2	7	1	1	3	-1	2	2	3	1	-1	1	-1	-1	2	4	3	4	1	-1	3	3	-1	2	-1	2	2	1	1	1
TCGA-85-A4CL	-1	65	-1	1	1	-1	-1	-1	-1	-1	2	1	5	2	1	1	-1	1	-1	2	1	2	2	2	2	3	1	2	3	-1	-1	1	4	2	4	1	-1	3	-1	1	2	-1	2	4	1	7	1
TCGA-85-A4CN	-1	56	-1	1	1	-1	-1	-1	2	2	2	1	5	2	1	1	2	2	6	1	1	5	2	2	2	3	1	2	3	1	-1	2	4	3	4	1	1	5	-1	1	2	-1	2	4	2	3	2
TCGA-33-6738	-1	80	-1	1	1	-1	-1	-1	-1	-1	2	1	2	-1	2	1	2	2	-1	1	-1	8	-1	1	2	3	1	-1	1	-1	-1	3	5	4	4	1	-1	5	3	1	-1	-1	-1	2	1	1	-1
TCGA-37-4132	-1	61	-1	1	1	-1	-1	-1	3	-1	2	1	5	-1	2	1	2	2	2	1	1	6	2	1	1	3	1	2	3	-1	-1	4	3	2	4	1	3	1	4	1	2	-1	2	4	2	3	2
TCGA-63-6202	-1	-1	-1	1	1	-1	-1	-1	2	-1	2	-1	2	-1	2	-1	2	2	-1	1	-1	6	-1	1	1	3	1	-1	1	-1	-1	2	4	2	4	1	1	5	6	1	2	-1	-1	2	1	2	1
TCGA-33-6737	-1	71	-1	1	1	-1	-1	-1	-1	-1	2	1	2	-1	2	1	-1	1	-1	2	-1	6	-1	1	-1	3	1	-1	1	-1	-1	3	4	4	2	1	-1	5	3	2	-1	-1	-1	2	1	2	-1
TCGA-21-5784	-1	80	-1	1	1	-1	-1	-1	-1	-1	2	1	2	-1	2	1	2	2	-1	1	1	6	-1	1	1	3	1	-1	1	-1	-1	1	4	2	4	1	-1	2	6	1	2	-1	-1	2	2	2	1
TCGA-33-4587	-1	63	-1	1	1	-1	-1	-1	-1	-1	7	1	2	-1	2	1	-1	1	-1	2	1	6	-1	1	1	3	1	-1	4	-1	-1	1	5	2	4	1	-1	5	3	2	2	-1	2	5	2	6	-1
TCGA-21-5786	-1	64	-1	1	1	-1	-1	-1	-1	-1	2	1	2	-1	2	1	1	2	-1	1	1	6	-1	1	1	3	1	-1	1	-1	-1	1	4	2	4	1	-1	3	3	1	2	-1	-1	2	1	2	1
TCGA-21-5787	-1	65	-1	1	1	-1	-1	-1	-1	-1	2	1	-1	-1	2	2	1	1	4	2	1	6	-1	1	-1	3	1	-1	1	-1	-1	3	4	4	4	1	-1	5	4	2	2	-1	-1	2	1	1	-1
TCGA-33-4582	-1	55	-1	1	1	-1	-1	-1	2	-1	2	1	3	-1	-1	1	1	1	-1	2	1	8	-1	-1	1	3	1	-1	3	-1	-1	1	4	2	4	1	2	3	4	-1	2	-1	-1	4	1	3	-1
TCGA-33-4583	-1	73	-1	1	1	-1	-1	-1	2	-1	2	1	3	-1	-1	1	-1	1	-1	2	1	8	-1	-1	1	3	1	-1	3	-1	-1	1	4	2	4	1	2	5	3	-1	2	-1	-1	4	1	3	-1
TCGA-21-5782	-1	68	-1	1	1	-1	-1	-1	-1	-1	2	1	-1	-1	2	1	-1	1	4	2	1	6	-1	1	-1	3	1	-1	3	-1	-1	1	4	2	4	1	-1	5	3	-1	2	-1	-1	4	2	3	-1
TCGA-21-5783	-1	76	-1	1	1	-1	-1	-1	-1	-1	2	1	2	-1	2	1	-1	1	4	2	1	6	2	1	1	3	1	2	1	-1	-1	1	4	2	4	1	-1	2	6	-1	2	-1	2	2	1	1	2
TCGA-56-8082	-1	80	-1	1	1	-1	-1	-1	-1	2	2	1	5	-1	1	1	2	2	-1	1	1	5	-1	2	-1	3	1	-1	3	-1	-1	2	5	2	4	1	-1	2	5	1	2	-1	-1	4	2	7	-1
TCGA-56-8083	-1	56	-1	1	1	-1	-1	-1	-1	2	2	1	5	-1	1	1	2	2	-1	1	1	3	-1	2	1	3	1	-1	1	-1	-1	1	5	2	4	1	-1	5	6	1	2	-1	-1	2	1	1	-1
TCGA-NC-A5HM	2	76	-1	1	1	-1	2	-1	-1	2	2	1	5	2	2	1	2	2	-1	1	-1	3	2	1	1	3	1	2	1	1	-1	1	4	2	1	1	-1	2	-1	1	2	-1	2	2	1	7	2
TCGA-33-4589	-1	62	-1	1	1	-1	-1	-1	2	-1	2	1	1	-1	-1	1	-1	1	7	2	2	6	-1	-1	2	3	1	-1	5	-1	-1	2	4	3	2	1	1	3	3	-1	-1	-1	-1	6	2	7	-1
TCGA-18-3419	-1	73	-1	1	1	-1	-1	-1	-1	-1	2	1	-1	-1	2	-1	2	2	-1	1	-1	6	-1	1	-1	3	1	-1	3	-1	-1	2	4	3	4	1	-1	5	4	1	2	-1	-1	4	1	3	-1
TCGA-60-2719	-1	83	-1	1	1	-1	-1	-1	-1	-1	2	1	-1	-1	2	1	2	2	-1	1	1	8	2	1	-1	3	1	2	5	-1	-1	1	4	2	4	1	-1	2	3	1	2	-1	2	6	2	2	1
TCGA-18-3412	-1	52	-1	1	1	-1	-1	-1	-1	-1	2	1	-1	-1	2	1	1	1	-1	2	1	6	-1	1	-1	3	1	-1	3	-1	-1	1	4	2	4	1	-1	5	3	2	2	-1	-1	4	1	3	1
TCGA-60-2714	-1	66	-1	1	1	-1	-1	-1	-1	-1	2	1	2	-1	2	1	2	2	-1	1	1	6	2	1	1	1	1	2	5	-1	-1	2	4	3	4	1	-1	5	3	1	2	-1	2	6	2	2	2
TCGA-33-4566	-1	40	-1	1	1	-1	-1	-1	2	-1	2	1	4	-1	2	1	-1	1	-1	2	1	6	-1	1	1	3	1	-1	1	-1	-1	1	4	2	4	1	2	3	3	-1	2	-1	-1	2	1	2	-1
TCGA-18-3411	-1	63	-1	1	1	-1	-1	-1	-1	-1	2	1	-1	-1	2	-1	2	2	-1	1	-1	6	-1	1	-1	3	1	-1	1	-1	-1	3	4	4	4	1	-1	3	5	1	2	-1	-1	2	2	2	-1
TCGA-18-3416	-1	83	-1	1	1	-1	-1	-1	-1	-1	2	1	-1	-1	2	-1	1	1	-1	2	-1	6	-1	1	-1	3	1	-1	1	-1	-1	2	4	3	2	1	-1	2	6	2	2	-1	-1	2	1	1	-1
TCGA-60-2710	-1	67	-1	1	1	-1	-1	-1	-1	-1	2	1	2	-1	2	1	2	2	-1	1	1	8	2	1	1	1	1	2	1	-1	-1	2	4	3	4	1	-1	5	5	1	-1	-1	2	2	2	1	2
TCGA-60-2713	-1	64	-1	1	1	-1	-1	-1	-1	-1	2	1	-1	-1	2	1	1	2	-1	1	1	6	2	1	-1	3	1	2	3	-1	-1	1	4	2	4	1	-1	3	6	-1	2	-1	2	4	1	7	-1
TCGA-60-2712	-1	79	-1	1	1	-1	-1	-1	-1	-1	2	1	-1	-1	2	1	-1	1	4	2	1	6	2	1	-1	3	1	2	1	-1	-1	2	4	3	2	1	-1	2	5	-1	2	-1	2	2	2	1	1
TCGA-56-A5DR	2	81	-1	1	1	-1	2	-1	-1	2	2	1	5	1	1	1	2	2	-1	1	1	1	2	2	1	3	1	2	1	1	-1	1	5	2	3	1	-1	1	-1	1	2	-1	2	2	1	1	-1
TCGA-56-A5DS	-1	72	-1	1	1	-1	-1	-1	-1	2	2	1	5	1	1	1	2	2	-1	1	1	3	2	2	1	3	1	2	3	-1	-1	1	5	2	4	1	-1	3	-1	1	2	-1	2	4	2	7	-1
TCGA-37-4141	-1	65	-1	1	1	-1	-1	-1	-1	-1	2	1	5	-1	2	1	2	2	-1	1	1	2	2	1	1	3	1	2	1	-1	-1	1	4	2	4	1	-1	1	3	1	2	-1	2	2	2	2	2
TCGA-58-8390	2	70	-1	1	1	-1	2	-1	1	2	2	1	5	-1	2	1	2	2	6	1	1	5	2	1	1	3	1	2	3	1	-1	2	4	2	4	1	1	5	3	1	2	-1	2	4	1	7	1
TCGA-58-8391	1	57	-1	1	1	-1	1	-1	-1	2	2	1	2	-1	2	1	1	2	8	1	1	6	2	1	1	3	1	2	5	1	-1	3	4	4	4	1	1	3	6	1	2	-1	2	6	2	5	1
TCGA-58-8392	2	70	-1	1	1	-1	2	2	2	1	2	1	5	-1	2	1	1	1	5	2	1	3	1	1	1	3	1	2	1	1	-1	1	4	2	4	1	1	3	6	2	2	-1	2	2	1	1	2
TCGA-58-8393	2	68	-1	1	1	-1	2	-1	1	2	2	1	5	-1	2	1	2	2	8	1	1	3	2	1	1	3	1	2	3	1	-1	1	4	2	4	1	1	3	6	1	2	-1	2	4	2	7	1
TCGA-39-5028	-1	75	-1	1	1	-1	-1	-1	-1	-1	2	1	-1	-1	2	1	-1	1	-1	2	1	4	2	1	-1	3	1	2	1	-1	-1	3	4	3	4	1	-1	2	6	-1	2	2	2	2	1	2	1
TCGA-39-5029	-1	67	-1	1	1	-1	-1	-1	-1	-1	2	1	-1	-1	2	1	1	1	-1	2	2	2	2	1	-1	3	1	2	3	-1	-1	3	4	4	4	1	-1	5	3	2	2	-1	2	4	1	3	1
TCGA-39-5024	-1	65	-1	1	1	-1	-1	-1	-1	-1	2	1	5	-1	2	1	2	2	-1	1	1	3	2	1	1	3	1	2	5	-1	-1	3	4	4	4	1	-1	5	6	1	2	-1	2	6	2	5	1
TCGA-39-5027	-1	73	-1	1	1	-1	-1	-1	-1	-1	2	1	5	-1	2	1	1	2	-1	1	1	3	2	1	1	3	1	2	3	-1	-1	1	4	2	4	1	-1	5	6	1	2	-1	2	4	1	7	2
TCGA-39-5021	-1	70	-1	1	1	-1	-1	-1	-1	-1	2	1	-1	-1	2	1	1	1	-1	2	1	3	2	1	-1	3	1	2	1	-1	-1	1	4	2	4	1	-1	5	6	2	2	2	2	2	1	1	1
TCGA-39-5022	-1	76	-1	1	1	-1	-1	-1	-1	-1	2	1	5	-1	2	1	1	1	-1	2	1	3	2	1	-1	3	1	2	1	-1	-1	1	4	2	4	1	-1	5	6	1	2	-1	2	2	1	2	2
TCGA-52-7622	-1	62	-1	1	1	-1	-1	-1	2	-1	2	1	5	-1	2	1	2	2	-1	1	2	1	2	1	1	3	1	2	3	-1	-1	1	4	2	4	1	4	5	-1	1	2	-1	2	4	2	7	1
TCGA-43-6773	-1	76	-1	1	1	-1	-1	-1	-1	-1	2	1	2	-1	2	1	-1	1	-1	2	-1	6	-1	1	1	3	1	-1	4	-1	-1	2	5	3	4	1	-1	2	1	1	-1	-1	-1	5	1	7	-1
TCGA-85-A4JC	-1	84	-1	1	1	-1	-1	-1	2	-1	2	1	5	2	1	1	1	1	6	2	1	5	2	2	1	3	1	2	1	1	-1	2	4	2	4	1	1	3	-1	1	2	-1	2	2	1	1	1
TCGA-85-A4JB	-1	74	-1	1	1	-1	-1	-1	3	-1	2	1	5	2	1	1	2	2	5	1	1	7	2	2	2	3	1	2	1	1	-1	2	4	2	4	1	1	3	-1	1	2	-1	2	2	1	2	1
TCGA-21-A5DI	2	77	-1	1	1	-1	2	-1	-1	2	2	1	2	2	2	1	2	2	-1	1	1	2	-1	1	2	3	1	-1	3	1	-1	1	4	2	3	1	-1	2	-1	-1	2	-1	-1	4	1	7	-1
TCGA-66-2727	-1	55	-1	1	1	-1	-1	-1	-1	-1	2	1	3	-1	2	-1	-1	1	-1	2	-1	6	-1	1	-1	3	1	-1	3	-1	-1	1	4	2	4	1	-1	5	8	-1	2	-1	-1	4	2	3	-1
TCGA-22-1017	-1	62	-1	1	1	-1	-1	-1	-1	-1	2	1	3	-1	2	1	1	1	4	2	1	8	2	1	1	1	1	2	5	-1	-1	1	4	2	2	1	-1	5	3	2	2	-1	2	6	1	1	1
TCGA-22-1016	-1	65	-1	1	1	-1	-1	-1	-1	-1	2	1	-1	-1	2	1	-1	1	-1	2	1	6	2	1	-1	3	1	2	5	-1	-1	1	4	2	4	1	-1	2	2	1	2	-1	2	6	1	2	-1
TCGA-22-1011	-1	73	-1	1	1	-1	-1	-1	-1	-1	2	1	-1	-1	2	1	-1	1	-1	2	1	6	2	1	-1	3	1	2	5	-1	-1	1	4	2	4	1	-1	3	6	1	2	-1	2	6	1	2	-1
TCGA-22-1012	-1	80	-1	1	1	-1	-1	-1	-1	-1	2	1	-1	-1	2	1	-1	1	-1	2	1	6	2	1	-1	3	1	2	5	-1	-1	1	4	2	4	1	-1	5	4	1	2	-1	2	6	2	7	-1
TCGA-85-7696	-1	64	-1	1	1	-1	-1	-1	-1	-1	2	1	5	-1	1	1	2	2	-1	1	1	8	-1	2	2	3	1	-1	1	-1	-1	1	4	2	4	1	-1	5	5	1	2	-1	2	2	1	1	1
TCGA-85-7697	-1	49	-1	1	1	-1	-1	-1	-1	-1	2	1	5	-1	1	1	2	2	-1	1	1	7	-1	2	2	3	1	-1	1	-1	-1	2	4	2	4	1	-1	2	4	1	2	-1	2	2	1	1	1
TCGA-46-6026	-1	81	-1	1	1	-1	-1	-1	4	-1	2	1	-1	-1	1	1	2	2	-1	1	1	3	2	2	-1	3	1	2	3	-1	-1	2	4	3	4	1	3	2	4	1	4	-1	2	4	1	7	1
TCGA-46-6025	-1	71	-1	1	1	-1	-1	-1	2	-1	2	1	-1	-1	1	1	2	2	-1	1	1	5	2	2	-1	3	1	2	3	-1	-1	2	4	3	4	1	3	5	3	1	2	-1	2	4	1	7	1
TCGA-85-7698	-1	48	-1	1	1	-1	-1	-1	-1	-1	2	1	5	-1	1	1	1	2	-1	1	1	2	-1	2	2	3	1	-1	1	-1	-1	1	4	2	4	1	-1	2	6	1	2	-1	2	2	1	2	1
TCGA-85-7699	-1	73	-1	1	1	-1	-1	-1	-1	-1	2	1	5	-1	1	1	1	1	-1	2	1	4	-1	2	2	3	1	-1	1	-1	-1	3	4	2	4	1	-1	2	3	1	2	-1	2	2	1	1	1
TCGA-85-6175	-1	63	-1	1	1	-1	-1	-1	-1	-1	2	1	5	-1	1	1	-1	1	-1	2	1	7	2	2	2	3	1	2	1	-1	-1	2	4	2	4	1	-1	1	3	1	2	-1	2	2	2	1	1
TCGA-77-A5GF	2	70	-1	1	1	-1	2	-1	1	1	2	1	5	1	2	-1	1	1	-1	2	-1	3	2	1	1	3	1	2	3	1	-1	2	4	3	4	1	1	5	-1	2	2	-1	2	4	1	3	2
TCGA-85-8049	-1	57	-1	1	1	-1	-1	-1	-1	2	2	1	5	-1	1	1	2	2	-1	1	1	3	2	2	2	3	1	2	3	1	-1	1	4	2	4	1	-1	1	3	1	2	-1	2	4	1	3	1
TCGA-85-7950	-1	46	-1	1	1	-1	-1	-1	-1	-1	2	1	5	-1	1	1	2	2	-1	1	1	3	2	2	2	3	1	-1	1	-1	-1	1	4	2	4	1	-1	3	5	2	1	-1	2	2	1	1	1
TCGA-66-2795	-1	68	-1	1	1	-1	-1	-1	-1	-1	2	1	2	-1	2	-1	2	2	-1	1	-1	4	-1	1	-1	3	1	-1	1	-1	-1	3	4	3	4	1	-1	5	3	1	2	-1	-1	2	1	1	-1
TCGA-56-7582	-1	83	-1	1	1	-1	-1	-1	-1	-1	2	1	5	-1	1	1	2	2	-1	1	1	3	-1	2	-1	3	1	-1	3	-1	-1	1	4	2	4	1	-1	2	4	1	2	-1	-1	4	1	7	-1
TCGA-56-7580	-1	84	-1	1	1	-1	-1	-1	-1	-1	2	1	5	-1	1	1	2	2	-1	1	1	3	-1	2	-1	3	1	-1	3	-1	-1	1	4	2	4	1	-1	2	2	1	2	-1	-1	4	1	3	-1
TCGA-85-A4QR	-1	67	-1	1	1	-1	-1	-1	-1	-1	2	1	5	2	1	1	2	2	-1	1	1	3	2	2	2	3	1	2	1	-1	-1	1	4	2	4	1	-1	5	-1	1	2	-1	2	2	1	2	1
TCGA-77-8139	2	72	-1	1	1	-1	2	-1	1	2	2	1	2	-1	2	-1	2	2	-1	1	-1	7	2	1	1	3	1	2	1	1	-1	2	4	2	4	1	1	3	5	1	2	-1	2	2	1	2	2
TCGA-77-8138	2	74	-1	1	1	-1	2	-1	1	1	2	1	2	-1	2	-1	1	1	-1	2	-1	6	2	1	1	3	1	2	1	-1	-1	1	4	2	4	1	1	5	8	2	2	-1	2	2	1	1	2
TCGA-77-8133	2	74	-1	1	1	9	2	-1	1	-1	2	1	2	-1	2	-1	-1	1	-1	2	-1	8	2	1	1	3	1	2	5	-1	-1	2	4	3	4	1	1	3	5	-1	2	-1	2	6	1	4	1
TCGA-77-8131	-1	72	-1	1	1	-1	-1	-1	2	-1	2	1	2	-1	2	-1	-1	1	-1	2	-1	6	2	1	1	3	1	2	3	-1	-1	1	4	1	4	1	1	5	8	-1	2	-1	2	4	1	3	2
TCGA-77-8130	2	69	-1	1	1	-1	2	-1	1	-1	2	1	2	-1	2	-1	1	2	-1	1	-1	6	2	1	1	3	1	2	1	-1	-1	2	4	3	4	1	1	5	8	1	2	-1	2	2	1	1	1
TCGA-77-8136	2	74	-1	1	1	-1	2	-1	1	1	2	1	2	-1	2	-1	1	1	-1	2	-1	6	2	1	1	3	1	2	3	-1	-1	2	4	3	4	1	1	3	8	-1	2	-1	2	4	2	4	1
TCGA-37-A5EN	2	59	-1	1	1	-1	2	-1	-1	2	2	1	5	2	1	1	2	2	-1	1	1	4	-1	2	2	3	1	-1	4	1	-1	3	4	4	4	1	-1	-1	-1	1	-1	-1	-1	5	1	6	1
TCGA-37-A5EL	1	53	-1	1	1	-1	1	-1	-1	2	2	1	5	2	1	1	1	1	-1	2	1	7	-1	2	2	3	1	-1	1	-1	-1	2	4	2	4	1	-1	-1	-1	1	-1	-1	-1	2	1	1	1
TCGA-94-7943	-1	80	-1	1	1	-1	-1	-1	2	-1	2	1	5	-1	1	1	1	2	-1	1	1	2	-1	2	1	3	1	-1	3	-1	-1	1	5	1	2	1	1	2	4	-1	2	-1	-1	4	1	3	-1
TCGA-37-5819	-1	64	-1	1	1	-1	-1	-1	2	-1	2	1	5	-1	2	1	2	2	6	1	1	6	-1	1	1	3	1	-1	1	-1	-1	3	4	4	4	1	3	5	8	1	2	-1	-1	2	1	2	2
TCGA-60-2724	-1	47	-1	1	1	-1	-1	-1	-1	-1	2	1	-1	-1	2	1	2	2	-1	1	1	7	2	1	-1	3	1	2	5	-1	-1	3	4	3	4	1	-1	5	6	1	2	-1	2	6	1	5	-1
TCGA-60-2725	-1	74	-1	1	1	-1	-1	-1	1	-1	2	1	-1	-1	2	1	2	2	6	1	1	6	2	1	-1	3	1	2	1	-1	-1	1	4	2	4	1	1	2	3	1	2	-1	2	2	1	1	1
TCGA-60-2726	-1	56	-1	1	1	-1	-1	-1	-1	-1	2	1	-1	-1	2	1	-1	1	4	2	1	6	2	1	-1	3	1	2	4	-1	-1	2	4	3	4	1	-1	5	3	1	2	-1	2	5	1	6	1
TCGA-60-2720	-1	60	-1	1	1	-1	-1	-1	-1	-1	2	1	-1	-1	2	1	2	2	-1	1	1	6	2	1	-1	3	1	2	3	-1	-1	1	4	2	4	1	-1	5	4	1	2	-1	2	4	2	7	1
TCGA-60-2721	-1	73	-1	1	1	-1	-1	-1	-1	-1	2	1	-1	-1	2	1	2	2	-1	1	1	6	2	1	-1	3	1	2	1	-1	-1	1	4	2	2	1	-1	5	6	1	2	-1	2	2	1	2	1
TCGA-60-2722	-1	66	-1	1	1	-1	-1	-1	-1	-1	2	1	-1	-1	2	1	1	2	-1	1	1	6	2	1	-1	3	1	2	1	-1	-1	2	4	3	4	1	-1	5	6	1	2	-1	2	2	1	2	1
TCGA-60-2723	-1	74	-1	1	1	-1	-1	-1	-1	-1	2	1	-1	-1	2	1	2	2	-1	1	1	6	2	1	-1	3	1	2	5	-1	-1	1	4	2	4	1	-1	5	3	1	2	-1	2	6	2	6	2
TCGA-77-7142	-1	59	-1	1	1	-1	-1	-1	2	-1	2	1	2	-1	2	1	2	2	-1	1	-1	6	2	1	2	3	1	2	1	-1	-1	1	4	2	4	1	1	5	5	1	2	-1	2	2	2	1	2
TCGA-77-7141	-1	64	-1	1	1	-1	-1	-1	2	-1	2	1	2	-1	2	1	2	2	-1	1	-1	6	2	1	2	3	1	2	1	-1	-1	1	4	2	4	1	1	5	3	-1	2	-1	2	2	1	1	1
TCGA-77-A5G3	2	63	-1	1	1	-1	2	-1	2	2	2	1	2	1	2	-1	2	2	-1	1	-1	6	2	1	1	3	1	2	1	1	-1	2	4	3	4	1	1	5	-1	1	2	-1	2	2	1	5	1
TCGA-94-A4VJ	2	71	-1	1	1	-1	2	-1	-1	2	2	1	5	2	1	1	2	2	-1	1	1	2	2	2	2	3	1	2	5	-1	-1	1	4	2	4	1	-1	5	-1	1	-1	-1	2	6	2	5	1
TCGA-56-8504	2	74	-1	1	1	-1	2	-1	-1	2	2	1	5	-1	1	1	2	2	-1	1	1	3	-1	2	1	3	1	-1	1	1	-1	1	5	2	3	1	-1	5	5	1	2	-1	-1	2	1	1	-1
TCGA-56-8503	-1	76	-1	1	1	-1	-1	-1	-1	2	2	1	5	-1	1	1	2	2	-1	1	1	7	-1	2	-1	3	1	-1	3	-1	-1	2	4	2	4	1	-1	3	3	1	2	-1	-1	4	2	7	2
TCGA-68-A59I	1	73	-1	1	1	-1	2	-1	-1	2	2	1	5	2	1	2	1	2	-1	1	1	7	-1	2	1	3	1	-1	3	3	-1	3	4	3	4	1	-1	5	-1	1	-1	-1	-1	4	2	3	-1
TCGA-22-5473	-1	78	-1	1	1	-1	-1	-1	-1	-1	2	1	-1	-1	2	1	1	1	4	2	1	7	2	1	-1	3	1	2	3	-1	-1	-1	4	2	4	1	-1	2	5	1	2	-1	2	4	1	-1	-1
TCGA-22-5472	-1	67	-1	1	1	-1	-1	-1	-1	-1	2	1	-1	-1	2	1	1	1	4	2	1	3	2	1	-1	3	1	2	3	-1	-1	1	4	2	2	1	-1	5	3	-1	2	-1	2	4	1	7	-1
TCGA-22-5471	-1	75	-1	1	1	-1	-1	-1	2	-1	2	1	2	-1	2	1	1	2	-1	1	-1	6	2	1	-1	3	1	2	3	-1	-1	1	4	2	2	1	4	5	6	-1	4	-1	2	4	1	3	-1
TCGA-22-5477	-1	65	-1	1	1	-1	-1	-1	-1	-1	2	1	-1	-1	2	1	1	1	4	2	-1	8	2	1	-1	3	1	2	3	-1	-1	1	4	2	4	1	-1	3	3	-1	2	-1	2	4	1	7	-1
TCGA-22-5474	-1	74	-1	1	1	-1	-1	-1	-1	-1	2	1	-1	-1	2	1	-1	1	4	2	-1	3	2	1	-1	3	1	2	1	-1	-1	1	4	2	4	1	-1	5	3	1	2	-1	2	2	1	1	-1
TCGA-22-5479	-1	64	-1	1	1	-1	-1	-1	2	-1	2	1	2	-1	2	1	-1	1	-1	2	-1	6	2	1	-1	3	1	2	3	-1	-1	1	4	2	4	1	4	5	3	-1	2	-1	2	4	1	3	2
TCGA-22-5478	-1	79	-1	1	1	-1	-1	-1	-1	-1	2	1	-1	-1	2	-1	-1	1	4	2	-1	3	2	1	-1	3	1	2	3	-1	-1	1	4	2	4	1	-1	5	3	1	2	-1	2	4	1	7	2
TCGA-43-5670	-1	70	-1	1	1	-1	-1	-1	1	-1	2	1	5	-1	1	1	2	2	-1	1	1	5	-1	2	1	3	1	-1	3	-1	-1	2	4	2	4	1	3	2	3	1	-1	-1	-1	4	1	3	-1
TCGA-85-7844	-1	71	-1	1	1	-1	-1	-1	3	-1	2	1	5	-1	1	1	2	2	7	1	1	3	2	2	2	3	1	-1	1	-1	-1	1	4	2	4	1	-1	3	6	1	2	-1	2	2	1	1	1
TCGA-56-A4ZK	-1	76	-1	1	1	-1	-1	-1	2	2	2	1	5	1	1	1	2	2	6	1	1	6	2	2	-1	3	1	2	3	-1	-1	1	4	2	4	1	1	5	-1	2	3	-1	2	4	2	7	1
TCGA-56-A4ZJ	-1	75	-1	1	1	-1	-1	-1	-1	2	4	1	5	1	1	1	2	2	-1	1	1	1	-1	2	1	3	1	-1	3	-1	-1	1	4	2	3	1	-1	5	-1	1	2	-1	-1	4	2	7	-1
TCGA-43-A56U	2	76	-1	1	1	-1	2	-1	1	2	2	1	5	1	1	1	2	2	-1	1	1	2	-1	2	1	3	1	-1	1	1	-1	1	5	2	4	1	1	5	-1	1	2	-1	-1	2	2	1	-1
TCGA-43-A56V	1	61	-1	1	1	-1	2	-1	-1	2	2	1	5	1	1	2	1	2	7	1	1	3	-1	2	1	3	1	-1	4	1	-1	3	4	4	1	1	3	5	-1	1	-1	-1	-1	5	1	6	-1
TCGA-39-5019	-1	70	-1	1	1	-1	-1	-1	-1	-1	2	1	5	-1	2	1	1	2	-1	1	1	3	2	1	1	3	1	2	1	-1	-1	1	4	2	4	1	-1	2	6	1	2	-1	2	2	1	2	2
TCGA-85-8072	2	60	-1	1	1	-1	2	-1	1	-1	2	1	5	-1	1	1	2	2	8	1	1	1	2	2	2	3	1	2	1	1	-1	1	4	2	4	1	1	3	5	1	2	-1	2	2	1	1	1
TCGA-56-7823	-1	58	-1	2	1	-1	-1	-1	-1	2	2	1	5	-1	1	1	2	2	-1	1	1	2	-1	2	1	3	1	-1	1	-1	-1	2	4	3	4	1	-1	5	4	2	-1	-1	2	2	2	2	-1
TCGA-46-3765	-1	59	-1	1	1	-1	-1	-1	-1	-1	2	1	-1	-1	1	1	2	2	-1	1	1	8	2	2	-1	3	1	2	1	-1	-1	1	4	2	4	1	-1	3	3	1	2	-1	2	2	2	2	1
TCGA-68-8251	1	78	-1	1	1	-1	2	-1	-1	2	2	1	5	-1	2	1	2	2	-1	1	2	3	-1	1	1	3	1	-1	1	-1	-1	1	4	2	4	1	-1	2	6	2	-1	-1	-1	2	1	1	-1
TCGA-94-7033	-1	73	-1	1	1	-1	-1	-1	3	-1	2	1	5	-1	1	1	2	2	-1	1	1	6	-1	2	-1	3	1	-1	3	-1	-1	1	5	2	2	1	4	5	4	-1	2	-1	-1	4	1	-1	-1
TCGA-63-5128	-1	-1	-1	1	1	-1	-1	-1	-1	-1	2	-1	2	-1	2	-1	-1	1	-1	2	-1	6	2	1	-1	3	1	2	1	-1	-1	1	4	2	4	1	-1	5	6	2	2	-1	2	2	1	1	-1
TCGA-43-3920	-1	71	-1	1	1	-1	-1	-1	-1	-1	2	1	5	-1	1	1	2	2	-1	1	1	6	-1	2	1	3	1	-1	1	-1	-1	1	4	2	4	1	-1	5	3	1	2	-1	2	2	1	2	-1
TCGA-66-2778	-1	68	-1	1	1	-1	-1	-1	-1	-1	2	1	2	-1	2	-1	2	2	-1	1	-1	6	-1	1	-1	3	1	-1	3	-1	-1	3	4	5	4	1	-1	5	5	-1	4	-1	-1	4	2	3	-1
TCGA-96-8170	2	75	-1	1	1	-1	2	-1	3	2	2	1	5	-1	1	1	2	2	-1	1	1	1	2	2	1	3	1	2	3	-1	-1	2	4	3	4	1	1	5	4	1	-1	-1	2	4	2	7	-1
TCGA-66-2777	-1	71	-1	1	1	-1	-1	-1	-1	-1	2	1	2	-1	2	-1	2	2	-1	1	-1	6	-1	1	-1	3	1	-1	4	-1	-1	1	4	2	4	1	-1	5	3	1	2	-1	-1	5	1	6	-1
TCGA-66-2771	-1	60	-1	1	1	-1	-1	-1	-1	-1	2	1	2	-1	2	-1	2	2	-1	1	-1	6	-1	1	-1	3	1	-1	1	-1	-1	2	4	3	4	1	-1	5	4	-1	2	-1	-1	2	1	2	-1
TCGA-66-2770	-1	79	-1	1	1	-1	-1	-1	-1	-1	2	1	2	-1	2	-1	2	2	-1	1	-1	6	-1	1	-1	3	1	-1	3	-1	-1	1	4	2	4	1	-1	2	3	-1	2	-1	-1	4	1	7	-1
TCGA-66-2773	-1	69	-1	1	1	-1	-1	-1	-1	-1	2	1	2	-1	2	-1	-1	1	-1	2	-1	6	-1	1	-1	3	1	-1	3	-1	-1	1	4	2	4	1	-1	2	6	1	2	-1	-1	4	1	3	-1
TCGA-33-4547	-1	68	-1	1	1	-1	-1	-1	3	-1	2	1	2	-1	2	1	2	2	-1	1	1	6	-1	1	1	3	1	-1	1	-1	-1	1	4	2	4	1	2	2	6	1	2	-1	2	2	1	2	-1
TCGA-77-8009	-1	68	-1	1	1	-1	-1	-1	1	-1	2	1	2	-1	2	-1	1	1	-1	2	-1	6	2	1	1	3	1	2	5	-1	-1	2	4	3	4	1	1	5	6	-1	2	-1	2	6	1	7	1
TCGA-56-5897	-1	74	-1	1	1	-1	-1	-1	-1	-1	2	1	5	-1	2	1	2	2	-1	1	1	2	-1	1	-1	3	1	-1	1	-1	-1	1	5	2	4	1	-1	2	4	1	-1	-1	-1	2	1	2	-1
TCGA-77-8007	-1	68	-1	1	1	-1	-1	-1	2	-1	2	1	2	-1	2	-1	1	1	-1	2	-1	6	2	1	1	3	1	2	1	-1	-1	2	4	3	4	1	1	3	7	-1	2	-1	2	2	1	2	1
TCGA-66-2780	-1	65	-1	1	1	-1	-1	-1	-1	-1	2	1	2	-1	2	-1	-1	1	-1	2	-1	6	-1	1	-1	3	1	-1	1	-1	-1	1	4	2	4	1	-1	2	4	-1	2	-1	-1	2	1	1	-1
TCGA-66-2781	-1	67	-1	1	1	-1	-1	-1	-1	-1	2	1	2	-1	2	-1	2	2	-1	1	-1	6	-1	1	-1	3	1	-1	1	-1	-1	1	4	2	4	1	-1	5	6	1	2	-1	-1	2	1	1	-1
TCGA-96-7544	-1	83	-1	1	1	-1	-1	-1	-1	-1	2	1	2	-1	2	1	-1	1	-1	2	1	6	-1	1	1	3	1	-1	3	-1	-1	2	5	3	4	1	-1	3	1	1	-1	-1	-1	4	1	3	-1
TCGA-96-7545	-1	73	-1	1	1	-1	-1	-1	-1	-1	2	1	2	-1	2	1	1	1	-1	2	1	8	-1	1	1	3	1	-1	3	-1	-1	1	5	2	2	1	-1	5	2	-1	-1	-1	-1	4	1	7	-1
TCGA-66-2785	-1	65	-1	1	1	-1	-1	-1	-1	-1	2	1	2	-1	2	-1	2	2	-1	1	-1	6	-1	1	-1	3	1	-1	1	-1	-1	1	4	2	4	1	-1	5	5	1	2	-1	-1	2	1	1	-1
TCGA-66-2786	-1	68	-1	1	1	-1	-1	-1	-1	-1	2	1	3	-1	2	-1	2	2	-1	1	-1	8	-1	1	-1	3	1	-1	1	-1	-1	1	4	2	4	1	-1	5	3	-1	2	-1	-1	2	2	2	-1
TCGA-66-2787	-1	57	-1	1	1	-1	-1	-1	-1	-1	2	1	2	-1	2	-1	2	2	-1	1	-1	8	-1	1	-1	3	1	-1	1	-1	-1	1	4	2	4	1	-1	5	4	-1	2	-1	-1	2	1	-1	-1
TCGA-66-2788	-1	56	-1	1	1	-1	-1	-1	-1	-1	2	1	2	-1	2	-1	2	2	-1	1	-1	6	-1	1	-1	3	1	-1	3	-1	-1	1	4	2	4	1	-1	5	6	-1	2	-1	-1	4	1	3	-1
TCGA-66-2789	-1	73	-1	1	1	-1	-1	-1	-1	-1	2	1	2	-1	2	-1	-1	1	-1	2	-1	8	-1	1	-1	3	1	-1	3	-1	-1	3	4	5	4	1	-1	5	4	1	2	-1	-1	4	1	3	-1
TCGA-51-4081	-1	55	-1	1	1	-1	-1	-1	-1	-1	2	1	-1	-1	2	1	2	2	-1	1	1	3	2	1	-1	3	1	2	1	-1	-1	2	4	3	4	1	-1	3	3	2	2	-1	2	2	1	2	1
TCGA-51-4080	-1	65	-1	1	1	-1	-1	-1	-1	-1	1	1	-1	-1	2	2	-1	1	-1	2	1	4	2	1	-1	3	1	2	1	-1	-1	3	-1	3	4	1	-1	5	3	-1	2	-1	2	2	1	2	1
TCGA-85-A511	-1	62	-1	1	1	-1	-1	-1	-1	2	2	1	5	2	1	1	1	1	6	2	1	5	2	2	2	3	1	2	3	1	-1	2	4	3	4	1	1	3	-1	1	2	-1	2	4	1	3	2
TCGA-85-A510	-1	74	-1	1	1	-1	-1	-1	1	2	2	1	5	2	1	1	1	2	8	1	1	5	2	2	2	3	1	2	3	1	-1	2	4	3	4	1	1	3	-1	1	2	-1	2	4	2	3	2
TCGA-18-3407	-1	72	-1	1	1	-1	-1	-1	-1	-1	2	1	-1	-1	2	3	-1	1	4	2	1	6	-1	1	-1	3	1	-1	1	-1	-1	1	4	2	2	1	-1	2	4	1	2	-1	-1	2	1	1	-1
TCGA-18-3406	-1	-1	-1	1	-1	-1	-1	-1	-1	-1	-1	-1	-1	-1	-1	-1	-1	-1	-1	-1	-1	-1	-1	-1	-1	-1	-1	-1	-1	-1	-1	-1	-1	-1	-1	-1	-1	-1	3	-1	-1	-1	-1	-1	-1	-1	-1
TCGA-43-8116	2	73	-1	1	1	-1	2	-1	2	2	2	1	5	-1	1	1	2	2	-1	1	1	2	-1	2	1	3	1	-1	1	1	-1	1	4	2	4	1	1	3	8	1	-1	-1	-1	2	1	1	-1
TCGA-43-8115	1	72	-1	1	1	-1	2	-1	2	2	2	1	5	-1	1	1	2	2	-1	1	1	3	-1	2	1	3	1	-1	3	-1	-1	2	5	3	4	1	1	5	7	1	2	-1	-1	4	2	3	-1
TCGA-43-8118	1	55	-1	1	1	-1	2	-1	2	2	3	1	5	-1	1	1	-1	1	-1	2	1	2	2	2	1	3	1	2	1	-1	-1	1	4	2	1	1	4	3	5	-1	-1	-1	2	2	2	2	-1
TCGA-18-3409	-1	74	-1	1	1	-1	-1	-1	-1	-1	1	1	2	-1	2	1	1	2	-1	1	1	8	-1	1	2	3	1	-1	1	-1	-1	1	4	2	2	1	-1	2	4	1	2	-1	-1	2	1	1	-1
TCGA-18-3408	-1	77	-1	1	1	-1	-1	-1	-1	-1	2	1	-1	-1	2	1	1	1	-1	2	1	6	-1	1	-1	3	1	-1	3	-1	-1	1	4	2	4	1	-1	5	3	2	2	-1	-1	4	2	7	-1
TCGA-77-8143	2	76	-1	1	1	-1	1	-1	2	-1	2	1	2	-1	2	-1	-1	1	-1	2	-1	6	2	1	1	3	1	2	1	-1	-1	3	4	4	4	1	1	5	6	2	2	-1	2	2	1	1	2
TCGA-77-8140	2	66	-1	1	1	-1	2	-1	1	-1	2	1	2	-1	2	-1	-1	1	-1	2	-1	6	2	1	1	3	1	2	3	-1	-1	2	4	3	4	1	1	5	8	-1	2	-1	2	4	2	7	2
TCGA-63-A5MT	1	74	-1	1	1	-1	2	-1	2	1	2	-1	5	1	2	-1	1	2	-1	1	-1	7	2	1	1	3	1	2	1	1	-1	2	4	2	4	1	1	5	-1	2	2	-1	2	2	1	2	2
TCGA-77-8146	2	72	-1	1	1	-1	2	-1	1	-1	2	1	2	-1	2	-1	2	2	-1	1	-1	8	2	1	1	3	1	2	1	1	-1	1	4	2	4	1	1	3	8	-1	2	-1	2	2	1	2	2
TCGA-77-8144	2	70	-1	1	1	-1	2	-1	2	-1	2	1	2	-1	2	-1	2	2	-1	1	-1	6	2	1	1	3	1	2	1	1	-1	1	4	2	4	1	1	3	5	-1	2	-1	2	2	1	3	1
TCGA-77-8145	2	73	-1	1	1	-1	1	-1	1	1	2	1	2	-1	2	-1	1	1	-1	2	-1	4	2	1	1	3	1	2	5	-1	-1	3	4	3	4	1	1	3	5	-1	3	-1	2	6	1	4	1
TCGA-77-8148	2	68	-1	1	1	1	2	-1	2	-1	2	1	2	-1	2	-1	2	2	-1	1	-1	7	2	1	1	3	1	2	5	-1	-1	3	4	3	4	1	1	5	6	-1	2	-1	2	6	1	4	1
TCGA-LA-A446	2	68	-1	1	1	-1	2	-1	1	2	2	1	5	1	1	1	2	2	-1	1	1	2	2	2	1	3	1	2	3	1	-1	1	5	2	4	1	1	3	-1	1	2	-1	2	4	1	7	1
TCGA-O2-A5IB	2	71	-1	1	1	-1	2	-1	1	1	2	1	2	2	2	1	1	1	-1	2	1	7	2	1	2	3	1	2	4	-1	-1	3	5	3	4	1	-1	5	-1	2	-1	-1	2	5	2	6	-1
TCGA-22-4596	-1	69	-1	1	1	-1	-1	-1	-1	-1	2	1	-1	-1	2	1	-1	1	4	2	-1	2	2	1	-1	3	1	2	1	-1	-1	1	4	2	4	1	-1	5	3	1	2	-1	2	2	2	1	-1
TCGA-22-4595	-1	57	-1	1	1	-1	-1	-1	2	-1	2	1	-1	-1	2	1	1	1	4	2	-1	7	2	1	-1	3	1	2	3	-1	-1	3	-1	4	4	1	2	3	4	2	2	-1	2	4	1	3	-1
TCGA-22-4594	-1	60	-1	1	1	-1	-1	-1	-1	-1	2	1	-1	-1	2	-1	-1	1	4	2	-1	7	2	1	-1	3	1	2	1	-1	-1	3	4	4	4	1	-1	5	3	-1	2	-1	2	2	2	1	2
TCGA-22-4593	-1	77	-1	1	1	-1	-1	-1	-1	-1	2	1	5	-1	2	1	-1	1	4	2	-1	5	2	1	-1	3	1	2	3	-1	-1	2	4	2	4	1	-1	5	4	1	2	-1	2	4	1	7	1
TCGA-22-4591	-1	80	-1	1	1	-1	-1	-1	-1	-1	2	1	-1	-1	2	1	1	1	4	2	-1	7	2	1	-1	3	1	2	3	-1	-1	3	4	4	4	1	-1	3	6	2	2	-1	2	4	1	7	2
TCGA-98-8022	2	61	-1	1	1	-1	2	-1	1	2	2	1	5	-1	2	1	-1	1	-1	2	1	1	1	1	1	3	1	2	1	-1	-1	1	4	2	4	1	1	5	6	1	2	2	1	2	1	2	-1
TCGA-98-8023	2	70	-1	1	1	4	2	-1	1	2	2	1	5	-1	1	1	2	2	-1	1	1	7	1	2	1	3	1	2	5	-1	-1	3	4	3	4	1	1	3	5	1	2	2	1	6	1	4	-1
TCGA-22-4599	-1	73	-1	1	1	-1	-1	-1	-1	-1	2	1	-1	-1	2	1	-1	1	4	2	-1	3	2	1	-1	3	1	2	6	-1	-1	1	4	2	4	1	-1	3	2	-1	2	-1	2	7	2	-1	1
TCGA-98-8021	2	75	-1	1	1	-1	2	-1	3	2	2	1	5	-1	2	1	1	2	-1	1	1	1	1	1	1	3	1	2	1	-1	-1	1	4	2	4	1	1	5	5	1	2	-1	2	2	2	2	-1
TCGA-56-1622	-1	58	-1	1	1	-1	-1	-1	-1	-1	2	1	-1	-1	1	1	-1	1	-1	2	1	6	-1	2	-1	3	1	-1	3	-1	-1	1	4	2	4	1	-1	5	6	2	2	-1	-1	4	1	7	-1
TCGA-58-8388	2	60	-1	1	1	-1	2	-1	1	2	1	1	5	-1	2	1	-1	1	6	2	1	3	2	1	1	3	1	2	1	1	-1	1	4	2	4	1	1	3	5	1	2	-1	2	2	1	1	2
TCGA-58-8387	1	60	-1	1	1	-1	2	-1	1	2	2	1	5	-1	2	1	-1	1	6	2	1	5	2	1	1	3	1	2	3	1	-1	2	4	2	4	1	1	5	4	1	2	-1	2	4	1	7	2
TCGA-58-8386	2	75	-1	1	1	-1	2	-1	-1	2	2	1	2	-1	2	-1	-1	1	6	2	-1	7	2	1	1	3	1	2	1	1	-1	4	3	1	4	1	1	3	5	1	2	-1	2	2	1	2	1
TCGA-56-6545	-1	77	-1	1	1	-1	-1	-1	-1	-1	2	1	5	-1	1	1	2	2	-1	1	-1	3	-1	2	-1	3	1	-1	1	-1	-1	1	4	2	4	1	-1	5	3	1	2	-1	-1	2	2	2	-1
TCGA-39-5039	-1	76	-1	1	1	-1	-1	-1	-1	-1	2	1	-1	-1	2	1	-1	1	-1	2	-1	5	2	1	-1	3	1	2	1	-1	-1	2	4	2	2	1	-1	2	2	1	2	2	2	2	1	2	1
TCGA-56-6546	-1	67	-1	1	1	-1	-1	-1	-1	-1	2	1	5	-1	1	1	-1	1	-1	2	1	5	-1	2	1	3	1	-1	1	-1	-1	2	5	2	4	1	-1	5	6	1	-1	-1	-1	2	1	2	-1
TCGA-39-5037	-1	65	-1	1	1	-1	-1	-1	-1	-1	2	1	2	-1	2	1	2	2	-1	1	1	2	2	1	1	3	1	2	3	-1	-1	2	4	3	4	1	-1	3	6	1	2	-1	2	4	1	3	1
TCGA-39-5036	-1	73	-1	1	1	-1	-1	-1	-1	-1	2	1	2	-1	2	1	2	2	-1	1	-1	6	2	1	1	3	1	2	1	-1	-1	1	4	2	4	1	-1	5	2	1	2	-1	2	2	1	1	2
TCGA-77-7138	-1	67	-1	1	1	-1	-1	-1	2	-1	2	1	2	-1	2	-1	-1	1	-1	2	-1	6	2	1	-1	3	1	2	3	-1	-1	1	4	2	4	1	1	2	8	-1	2	-1	2	4	1	3	2
TCGA-39-5034	-1	73	-1	1	1	-1	-1	-1	-1	-1	2	1	-1	-1	2	1	1	1	-1	2	1	7	1	1	-1	3	1	2	1	-1	-1	2	4	2	4	1	-1	5	4	-1	2	2	1	2	2	2	2
TCGA-39-5031	-1	76	-1	1	1	-1	-1	-1	-1	-1	2	1	2	-1	2	-1	-1	1	-1	2	-1	1	2	1	1	3	1	2	1	-1	-1	1	4	2	4	1	-1	5	3	1	2	-1	2	2	2	1	2
TCGA-39-5030	-1	81	-1	1	1	-1	-1	-1	-1	-1	2	1	-1	-1	2	3	-1	1	-1	2	-1	3	2	1	-1	3	1	2	3	-1	-1	3	4	4	4	1	-1	2	6	-1	2	2	2	4	2	3	2
TCGA-6A-AB49	2	73	-1	1	1	-1	2	-1	-1	2	2	1	2	1	2	2	-1	1	-1	2	1	6	-1	1	1	3	1	-1	3	2	-1	1	5	2	4	1	-1	2	-1	-1	1	-1	-1	4	2	3	1
TCGA-66-2734	-1	62	-1	1	1	-1	-1	-1	-1	-1	2	1	3	-1	2	-1	2	2	-1	1	-1	6	-1	1	-1	3	1	-1	3	-1	-1	1	4	2	4	1	-1	5	5	-1	2	-1	-1	4	2	3	-1
TCGA-66-2737	-1	72	-1	1	1	-1	-1	-1	-1	-1	2	1	3	-1	2	-1	2	2	-1	1	-1	6	-1	1	-1	3	1	-1	4	-1	-1	2	4	3	4	1	-1	2	5	1	2	-1	-1	5	1	6	-1
TCGA-43-6143	-1	70	-1	1	1	-1	-1	-1	2	-1	1	1	5	-1	1	1	2	2	-1	1	1	6	-1	2	1	3	1	-1	3	-1	-1	1	4	2	4	1	4	5	1	1	1	-1	-1	4	1	7	-1
TCGA-85-A4PA	-1	61	-1	1	1	-1	-1	-1	-1	-1	4	1	5	2	1	1	2	2	-1	1	1	3	2	2	2	3	1	2	3	1	-1	1	4	2	4	1	-1	5	-1	1	2	-1	2	4	1	3	1
TCGA-22-0940	-1	71	-1	1	1	-1	-1	-1	-1	-1	2	1	-1	-1	2	1	-1	1	-1	2	1	8	2	1	-1	3	1	2	5	-1	-1	2	4	3	4	1	-1	2	6	2	2	-1	2	6	1	3	2
TCGA-22-0944	-1	61	-1	1	1	-1	-1	-1	-1	-1	2	1	-1	-1	2	1	-1	1	-1	2	1	6	2	1	-1	3	1	2	5	-1	-1	1	4	2	4	1	-1	3	4	1	2	-1	2	6	1	1	-1
TCGA-90-A59Q	1	61	-1	1	1	-1	2	-1	2	2	2	1	5	1	1	1	1	1	-1	2	1	3	2	2	1	3	1	-1	1	1	-1	2	5	3	4	1	3	3	-1	1	2	-1	2	2	2	2	-1
TCGA-90-7769	-1	55	-1	1	1	-1	-1	-1	2	-1	2	1	5	-1	1	1	2	2	-1	1	1	5	2	2	1	3	1	2	5	-1	-1	2	5	3	4	1	1	2	9	1	2	-1	2	6	1	-1	-1
TCGA-90-7766	-1	66	-1	1	1	-1	-1	-1	-1	-1	2	1	5	-1	1	1	1	2	-1	1	1	2	2	2	2	3	1	2	1	-1	-1	1	5	2	2	1	-1	3	8	1	2	-1	2	2	2	2	-1
TCGA-90-7767	-1	56	-1	1	1	-1	-1	-1	2	-1	2	1	5	-1	1	1	2	2	-1	1	1	5	2	2	2	3	1	2	1	-1	-1	2	5	3	4	1	2	2	7	1	2	-1	2	2	1	2	-1
TCGA-85-6798	-1	57	-1	1	1	-1	-1	-1	-1	-1	2	1	5	-1	1	1	1	1	-1	2	1	7	-1	2	2	3	1	-1	1	-1	-1	3	4	3	4	1	-1	3	4	1	2	-1	2	2	1	2	1
TCGA-37-3792	-1	69	-1	1	1	-1	-1	-1	-1	-1	2	1	5	-1	2	1	2	2	-1	1	1	6	2	1	1	3	1	2	1	-1	-1	1	4	2	4	1	-1	1	3	1	2	-1	2	2	1	2	1
TCGA-66-2744	-1	71	-1	1	1	-1	-1	-1	-1	-1	2	1	3	-1	2	-1	2	2	-1	1	-1	6	-1	1	-1	3	1	-1	3	-1	-1	2	4	3	4	1	-1	5	3	1	2	-1	-1	4	1	7	-1
TCGA-66-2742	-1	70	-1	1	1	-1	-1	-1	-1	-1	2	1	3	-1	2	-1	2	2	-1	1	-1	6	-1	1	-1	3	1	-1	1	-1	-1	4	3	3	4	1	-1	2	8	-1	2	-1	-1	2	1	2	-1
TCGA-77-8008	-1	68	-1	1	1	-1	-1	-1	2	-1	5	1	2	-1	2	-1	-1	1	-1	2	-1	6	2	1	1	3	1	2	3	-1	-1	1	4	2	4	1	1	5	6	-1	2	-1	2	4	1	7	1
TCGA-85-8277	-1	70	-1	1	1	-1	-1	-1	3	-1	2	1	5	-1	1	1	-1	1	7	2	1	7	-1	2	-1	3	1	-1	1	-1	-1	3	4	3	4	1	-1	1	6	1	2	-1	-1	2	1	1	-1
TCGA-85-8276	-1	62	-1	1	1	-1	-1	-1	-1	2	2	1	5	-1	1	1	1	2	-1	1	1	2	-1	2	2	3	1	-1	1	1	-1	2	4	3	4	1	-1	3	3	1	2	-1	2	2	1	1	1
TCGA-46-3769	-1	57	-1	1	1	-1	-1	-1	-1	-1	2	1	-1	-1	1	1	2	2	-1	1	1	4	1	2	-1	3	1	2	1	-1	-1	-1	4	2	4	1	-1	5	4	1	3	-1	2	2	1	2	1
TCGA-46-3768	-1	58	-1	1	1	-1	-1	-1	-1	-1	2	1	-1	-1	1	1	-1	1	-1	2	1	7	2	2	-1	3	1	2	1	-1	-1	3	4	3	4	1	-1	5	3	1	2	-1	2	2	1	1	1
TCGA-46-3767	-1	76	-1	1	1	-1	-1	-1	-1	-1	2	1	-1	-1	1	1	2	2	-1	1	1	1	2	2	-1	3	1	2	3	-1	-1	1	4	2	4	1	-1	2	2	1	2	-1	2	4	1	3	1
TCGA-46-3766	-1	62	-1	1	1	-1	-1	-1	-1	-1	2	1	-1	-1	1	1	2	2	-1	1	1	8	2	2	-1	3	1	2	3	-1	-1	1	4	2	4	1	-1	5	2	1	2	-1	2	4	2	7	1
TCGA-85-8071	-1	52	-1	1	1	-1	-1	-1	3	-1	2	1	5	-1	1	1	2	2	7	1	1	1	2	2	2	3	1	2	1	-1	-1	2	4	3	4	1	1	3	5	1	2	-1	2	2	1	2	1
TCGA-85-8070	-1	71	-1	1	1	-1	-1	-1	3	-1	2	1	5	-1	1	1	2	2	7	1	1	6	2	2	-1	3	1	2	1	-1	-1	1	4	2	4	1	1	3	6	2	2	-1	2	2	1	1	2
TCGA-63-A5MN	2	78	-1	1	1	-1	1	-1	-1	1	2	-1	2	1	2	-1	1	1	-1	2	-1	7	2	1	1	3	1	2	1	1	-1	2	4	2	4	1	-1	1	-1	2	3	-1	2	2	2	2	-1
TCGA-63-A5MM	1	69	-1	1	1	-1	2	-1	-1	1	2	-1	2	1	2	-1	1	1	-1	2	-1	6	2	1	1	3	1	2	6	1	-1	2	4	3	4	1	-1	2	-1	2	2	-1	2	7	2	5	-1
TCGA-63-A5ML	1	68	-1	1	1	-1	2	-1	-1	2	2	-1	2	1	2	-1	2	2	-1	1	-1	6	2	1	1	3	1	2	3	1	-1	1	4	2	4	1	-1	5	-1	1	2	-1	2	4	1	7	-1
TCGA-63-A5MJ	1	54	-1	1	1	2	2	-1	-1	2	2	-1	2	1	2	-1	2	2	-1	1	-1	6	2	1	1	3	1	2	5	1	-1	2	4	3	4	1	-1	3	-1	1	2	-1	2	6	1	4	-1
TCGA-63-A5MI	1	65	-1	1	1	-1	2	-1	-1	2	2	-1	2	1	2	-1	2	2	-1	1	-1	6	2	1	1	3	1	2	3	1	-1	3	4	4	4	1	-1	5	-1	1	2	-1	2	4	1	5	2
TCGA-63-A5MH	2	68	-1	1	1	-1	2	-1	-1	2	2	-1	2	1	2	-1	2	2	-1	1	-1	8	2	1	2	3	1	2	3	1	-1	1	4	2	1	1	-1	4	-1	1	2	-1	2	4	1	3	-1
TCGA-63-A5MG	2	68	-1	1	1	-1	2	-1	-1	2	2	-1	2	1	2	-1	2	2	-1	1	-1	6	2	1	2	3	1	-1	3	1	-1	1	4	2	4	1	-1	2	-1	1	2	-1	2	4	1	3	-1
TCGA-63-A5MB	1	62	-1	1	1	-1	2	-1	-1	2	2	-1	2	1	2	-1	2	2	-1	1	-1	6	2	1	2	3	1	2	1	1	-1	1	4	2	4	1	-1	2	-1	1	2	-1	2	2	1	1	-1
TCGA-33-4533	-1	76	-1	1	1	-1	-1	-1	3	-1	2	1	3	-1	2	2	2	2	-1	1	1	6	-1	1	1	3	1	-1	5	-1	-1	1	4	2	2	1	-1	5	4	1	2	-1	-1	6	2	1	-1
TCGA-33-4532	-1	68	-1	1	1	-1	-1	-1	2	-1	2	1	3	-1	2	1	-1	1	-1	2	1	6	-1	1	1	3	1	-1	3	-1	-1	1	4	2	2	1	-1	3	3	1	2	-1	-1	4	1	7	-1
TCGA-63-A5MY	2	63	-1	1	1	-1	2	-1	-1	2	2	-1	5	1	2	-1	2	2	-1	1	-1	2	-1	1	1	3	1	-1	3	1	-1	1	4	2	4	1	-1	5	-1	1	2	-1	-1	4	1	3	-1
TCGA-63-A5MW	2	76	-1	1	1	-1	2	-1	-1	2	2	-1	2	1	2	-1	2	2	-1	1	-1	6	-1	1	1	3	1	-1	1	1	-1	1	4	2	4	1	-1	5	-1	1	2	-1	-1	2	1	2	2
TCGA-63-A5MV	1	69	-1	1	1	-1	2	-1	1	2	2	-1	5	1	2	-1	2	2	-1	1	-1	5	2	1	1	3	1	2	3	1	-1	2	4	2	4	1	1	5	-1	1	2	-1	2	4	1	7	2
TCGA-63-A5MU	1	48	-1	1	1	-1	2	-1	1	1	2	-1	5	1	2	-1	1	1	-1	2	-1	5	2	1	1	3	1	2	3	1	-1	2	4	3	4	1	1	5	-1	2	2	-1	2	4	1	7	1
TCGA-33-4538	-1	66	-1	1	1	-1	-1	-1	3	-1	2	1	2	-1	2	1	-1	1	-1	2	2	6	-1	1	1	1	1	-1	1	-1	-1	3	4	4	4	1	4	3	2	-1	1	-1	-1	2	1	1	-1
TCGA-63-A5MS	2	78	-1	1	1	-1	2	-1	1	2	2	-1	2	1	2	-1	2	2	-1	1	-1	6	2	1	1	3	1	2	1	1	-1	1	4	2	4	1	1	2	-1	1	2	-1	2	2	1	1	1
TCGA-63-A5MR	2	70	-1	1	1	-1	2	-1	1	2	2	-1	2	1	2	-1	2	2	-1	1	-1	6	2	1	1	3	1	2	1	1	-1	1	4	2	4	1	1	5	-1	1	2	-1	2	2	2	1	2
TCGA-63-A5MP	1	56	-1	1	1	-1	1	-1	1	1	2	-1	2	1	2	-1	1	2	-1	1	-1	6	2	1	1	3	1	2	3	1	-1	2	4	3	4	1	1	5	-1	2	2	-1	2	4	1	7	1
TCGA-92-7341	-1	71	-1	1	1	-1	-1	-1	1	-1	2	1	5	-1	1	1	2	2	8	1	1	3	2	2	-1	3	1	2	1	-1	-1	1	5	2	4	1	1	3	4	2	2	-1	2	2	1	2	1
TCGA-66-2782	-1	71	-1	1	1	-1	-1	-1	-1	-1	2	1	3	-1	2	-1	1	1	-1	2	-1	7	-1	1	-1	3	1	-1	1	-1	-1	2	4	2	4	1	-1	5	5	-1	2	-1	-1	2	1	2	-1
TCGA-66-2783	-1	67	-1	1	1	-1	-1	-1	-1	-1	2	1	2	-1	2	-1	2	2	-1	1	-1	6	-1	1	-1	3	1	-1	3	-1	-1	3	4	5	4	1	-1	5	5	-1	4	-1	-1	4	1	3	-1
TCGA-56-A49D	-1	67	-1	1	1	-1	-1	-1	-1	2	2	1	5	1	1	1	2	2	-1	1	-1	3	-1	2	1	3	1	-1	1	-1	-1	3	5	4	4	1	-1	5	-1	-1	2	-1	-1	2	1	1	1
TCGA-43-A474	1	66	-1	1	1	-1	2	-1	-1	2	2	1	5	1	1	1	2	2	6	1	1	5	-1	2	1	3	1	-1	1	1	-1	2	4	2	3	1	3	5	-1	1	2	-1	-1	2	1	1	-1
TCGA-43-A475	1	67	-1	1	1	-1	1	-1	1	2	2	1	5	1	1	1	2	2	-1	1	1	7	-1	2	1	3	1	-1	1	1	-1	2	4	2	4	1	1	5	-1	1	3	-1	-1	2	2	2	-1
TCGA-66-2800	-1	70	-1	1	1	-1	-1	-1	-1	-1	2	1	3	-1	2	-1	2	2	-1	1	-1	4	-1	1	-1	3	1	-1	1	-1	-1	3	4	2	4	1	-1	5	8	-1	2	-1	-1	2	1	2	-1
TCGA-77-6845	-1	69	-1	1	1	-1	-1	-1	2	-1	2	1	2	-1	2	1	-1	1	-1	2	-1	7	2	1	-1	3	1	2	4	-1	-1	2	4	2	4	1	1	5	6	-1	2	-1	2	5	1	6	1
TCGA-77-6844	-1	74	-1	1	1	-1	-1	-1	2	-1	2	1	2	-1	2	1	1	1	-1	2	-1	7	2	1	-1	3	1	2	3	-1	-1	3	4	3	4	1	1	5	5	-1	2	-1	2	4	1	7	1
TCGA-56-A4BW	-1	55	-1	1	1	-1	-1	-1	1	2	2	1	5	1	1	1	2	2	6	1	1	3	-1	2	-1	3	1	-1	1	-1	-1	2	4	3	4	1	1	5	-1	-1	2	-1	-1	2	1	1	1
TCGA-77-6843	-1	74	-1	1	1	-1	-1	-1	3	-1	2	1	2	-1	2	1	-1	1	-1	2	-1	8	2	1	-1	3	1	2	1	-1	-1	2	4	3	4	1	1	3	5	-1	2	-1	2	2	1	2	1
TCGA-77-6842	-1	79	-1	1	1	-1	-1	-1	2	-1	2	1	2	-1	2	1	1	1	-1	2	-1	6	2	1	-1	3	1	2	6	-1	-1	2	4	3	4	1	1	5	5	-1	2	-1	2	7	1	-1	1
TCGA-56-A4BY	2	66	-1	1	1	-1	2	-1	3	2	5	1	5	1	1	1	-1	1	7	2	1	3	2	2	1	3	1	2	1	1	-1	1	5	2	3	1	1	5	-1	1	1	-1	2	2	1	1	1
TCGA-56-A4BX	1	70	-1	1	1	-1	2	-1	3	2	2	1	5	1	1	1	2	2	5	1	1	5	2	2	1	3	1	2	3	1	-1	2	5	2	4	1	1	5	-1	1	2	-1	2	4	1	7	1
TCGA-63-A5M9	-1	-1	-1	1	1	-1	-1	-1	-1	-1	2	-1	2	1	2	-1	2	2	-1	1	-1	6	-1	1	-1	3	1	-1	3	-1	-1	2	4	3	-1	1	-1	5	-1	-1	1	-1	-1	4	2	3	-1
TCGA-96-A4JL	1	78	-1	1	1	-1	2	-1	1	2	2	1	5	2	1	3	2	2	-1	1	1	3	2	2	1	3	1	2	3	1	-1	2	4	3	4	1	1	1	-1	1	2	-1	2	4	2	3	-1
TCGA-96-A4JK	1	65	-1	1	1	-1	2	-1	1	2	2	1	5	2	1	1	2	2	-1	1	1	3	2	2	1	2	1	2	1	1	-1	2	4	3	3	1	1	3	-1	1	2	-1	2	2	1	2	-1
TCGA-34-2608	-1	84	-1	1	1	-1	-1	-1	-1	-1	2	1	-1	-1	2	1	-1	1	-1	2	1	6	-1	1	-1	3	1	-1	1	-1	-1	1	4	2	4	1	-1	2	8	1	2	-1	-1	2	1	1	-1
TCGA-34-2609	-1	81	-1	1	1	-1	-1	-1	-1	-1	2	1	-1	-1	2	2	1	1	-1	2	1	6	2	1	-1	3	1	2	3	-1	-1	2	4	3	2	1	-1	5	3	2	2	-1	2	4	1	7	-1
TCGA-34-2604	-1	81	-1	1	1	-1	-1	-1	-1	-1	2	1	-1	-1	2	1	-1	1	-1	2	1	6	2	1	-1	3	1	2	3	-1	-1	1	4	2	2	1	-1	3	5	1	2	-1	2	4	2	3	-1
TCGA-34-2605	-1	76	-1	1	1	-1	-1	-1	2	-1	2	1	-1	-1	2	1	1	1	-1	2	1	4	2	1	-1	3	1	2	1	-1	-1	3	4	3	2	1	4	5	6	2	2	-1	2	2	1	2	-1
TCGA-34-2600	-1	76	-1	1	1	-1	-1	-1	-1	-1	2	1	-1	-1	2	1	-1	1	-1	2	1	8	-1	1	-1	3	1	-1	3	-1	-1	1	4	2	4	1	-1	5	4	-1	2	-1	-1	4	2	7	1
TCGA-43-5668	-1	78	-1	1	1	-1	-1	-1	2	-1	2	1	5	-1	1	1	1	1	-1	2	1	2	-1	2	1	3	1	-1	1	-1	-1	2	4	3	2	1	4	2	6	1	-1	-1	-1	2	1	2	-1
TCGA-70-6723	-1	65	-1	1	1	-1	-1	-1	-1	-1	6	1	2	-1	1	3	1	2	3	1	1	7	-1	2	-1	3	1	-1	1	-1	-1	2	4	2	4	1	-1	1	1	1	1	-1	-1	2	1	2	-1
TCGA-70-6722	-1	47	-1	1	1	-1	-1	-1	-1	-1	2	1	2	-1	1	3	1	2	1	1	1	7	-1	2	-1	3	1	-1	1	-1	-1	3	4	3	4	1	-1	1	8	1	1	-1	-1	2	1	2	-1
TCGA-21-1083	-1	75	-1	1	1	-1	-1	-1	-1	-1	2	1	-1	-1	2	1	-1	1	-1	2	1	8	-1	1	-1	3	1	-1	1	-1	-1	1	4	2	2	1	-1	3	8	1	2	-1	-1	2	1	1	-1
TCGA-21-1082	-1	61	-1	1	1	-1	-1	-1	-1	-1	2	1	-1	-1	2	1	2	2	-1	1	1	6	-1	1	-1	3	1	-1	3	-1	-1	1	4	2	4	1	-1	-1	3	1	2	-1	-1	4	1	3	-1
TCGA-21-1081	-1	69	-1	1	1	-1	-1	-1	-1	-1	2	1	-1	-1	2	1	-1	1	-1	2	1	6	-1	1	-1	3	1	-1	3	-1	-1	2	4	3	4	1	-1	5	1	2	2	-1	-1	4	1	3	-1
TCGA-21-1080	-1	66	-1	1	1	-1	-1	-1	-1	-1	2	1	-1	-1	2	1	2	2	-1	1	1	6	-1	1	-1	3	1	-1	3	-1	-1	1	4	2	4	1	-1	5	6	1	2	-1	-1	4	1	3	-1
TCGA-92-8063	1	52	-1	1	1	-1	1	-1	2	2	2	1	5	-1	1	1	2	2	6	1	1	5	2	2	1	3	1	2	1	1	-1	3	5	4	4	1	1	3	5	1	1	-1	2	2	1	1	1
TCGA-92-8064	1	58	-1	1	1	-1	2	-1	2	2	2	1	5	-1	1	1	2	2	-1	1	1	5	2	2	1	3	1	2	1	1	-1	-1	5	2	4	1	4	5	8	1	1	-1	2	2	1	2	1
TCGA-92-8065	2	74	-1	1	1	-1	2	-1	1	2	5	1	5	-1	1	1	2	2	-1	1	1	7	2	2	1	3	1	2	3	1	-1	2	5	2	4	1	1	2	7	1	1	-1	2	4	2	3	1
TCGA-94-7557	-1	73	-1	1	1	-1	-1	-1	-1	-1	2	1	5	-1	1	2	-1	1	-1	2	1	6	-1	2	1	3	1	-1	1	-1	-1	1	4	2	2	1	-1	3	4	-1	-1	-1	-1	2	1	1	-1
TCGA-63-5131	-1	-1	-1	1	1	-1	-1	-1	-1	-1	2	-1	2	-1	2	-1	-1	1	-1	2	-1	6	2	1	1	3	1	2	5	-1	-1	2	4	3	4	1	-1	5	8	1	2	-1	2	6	1	7	1
TCGA-96-8169	2	67	-1	1	1	-1	2	-1	1	2	2	1	5	-1	1	1	2	2	-1	1	1	1	2	2	1	3	1	2	3	-1	-1	1	4	2	4	1	1	5	4	1	-1	-1	2	4	2	7	-1
TCGA-XC-AA0X	2	77	-1	1	1	-1	2	-1	-1	2	2	1	5	2	1	2	-1	1	-1	2	1	1	2	2	1	3	1	2	3	-1	-1	1	4	2	4	1	-1	3	-1	1	2	-1	2	4	2	7	1
TCGA-90-A4ED	2	69	-1	1	1	-1	2	-1	1	2	2	1	5	1	1	1	2	2	-1	1	1	3	2	2	1	3	1	2	1	1	-1	1	5	2	4	1	1	2	-1	1	-1	-1	2	2	1	2	-1
TCGA-90-A4EE	1	53	1	1	1	-1	2	1	-1	2	2	1	5	1	1	1	2	2	-1	1	1	3	1	2	1	3	1	1	5	1	-1	2	5	3	4	1	-1	3	-1	1	-1	1	1	6	1	5	-1
TCGA-85-A53L	-1	63	-1	1	1	-1	-1	-1	-1	-1	2	1	5	2	1	3	2	2	-1	1	1	5	2	2	2	3	1	2	4	-1	-1	2	4	2	4	1	-1	5	-1	1	2	-1	2	5	1	6	2
TCGA-85-8354	-1	53	-1	1	1	-1	-1	-1	-1	-1	2	1	5	-1	1	1	2	2	5	1	1	3	-1	2	2	3	1	-1	3	-1	-1	1	4	2	4	1	-1	3	6	1	2	-1	2	4	1	7	2
TCGA-85-8355	-1	63	-1	1	1	-1	-1	-1	-1	-1	2	1	5	-1	1	1	2	2	-1	1	1	1	-1	2	-1	3	1	-1	1	-1	-1	1	4	2	4	1	-1	1	5	1	2	-1	-1	2	1	1	1
TCGA-52-7810	-1	60	-1	1	1	-1	-1	-1	-1	-1	2	1	2	-1	2	1	2	2	6	1	1	7	2	1	2	3	1	2	6	-1	-1	2	4	2	4	1	4	2	6	1	-1	-1	2	7	2	2	-1
TCGA-52-7811	-1	67	-1	1	1	-1	-1	-1	1	-1	2	1	2	-1	2	1	1	1	-1	2	2	6	2	1	1	3	1	2	3	-1	-1	1	4	2	4	1	4	3	6	2	2	-1	2	4	1	3	-1
TCGA-52-7812	-1	68	-1	1	1	-1	-1	-1	2	-1	2	1	2	-1	2	1	1	1	-1	2	2	6	2	1	2	3	1	2	5	-1	-1	-1	4	4	4	1	1	5	6	2	2	-1	2	6	1	1	1
TCGA-56-8309	-1	66	-1	1	1	-1	-1	-1	-1	2	2	1	5	-1	1	1	2	2	-1	1	1	2	-1	2	-1	3	1	-1	3	-1	-1	1	5	2	4	1	-1	3	6	1	2	-1	-1	4	1	7	-1
TCGA-56-8308	1	79	-1	1	1	-1	1	-1	-1	2	2	1	5	-1	1	1	2	2	-1	1	1	7	-1	2	1	3	1	-1	1	3	-1	2	5	2	3	1	-1	2	2	-1	3	-1	-1	2	1	1	-1
TCGA-85-A5B5	2	58	-1	1	1	-1	2	-1	-1	2	2	1	5	2	1	1	2	2	-1	1	1	2	2	2	2	3	1	2	1	1	-1	1	4	2	4	1	-1	5	-1	1	2	-1	2	2	1	2	1
TCGA-85-8479	-1	66	-1	1	1	-1	-1	-1	2	-1	6	1	5	-1	1	1	2	2	7	1	1	1	2	2	2	3	1	2	3	-1	-1	1	4	2	4	1	1	5	6	1	2	-1	2	4	1	3	1
TCGA-56-8305	-1	72	-1	1	1	-1	-1	-1	-1	2	2	1	5	-1	1	1	2	2	-1	1	1	3	-1	2	1	3	1	-1	1	1	-1	1	4	2	3	1	-1	2	3	1	2	-1	-1	2	1	2	-1
TCGA-56-8304	-1	73	-1	1	1	-1	-1	-1	-1	2	2	1	5	-1	1	1	2	2	-1	1	-1	2	-1	2	-1	3	1	-1	1	-1	-1	1	5	2	4	1	-1	3	4	1	2	-1	-1	2	2	2	-1
TCGA-56-8307	-1	55	-1	1	1	-1	-1	-1	-1	2	2	1	5	-1	1	1	2	2	-1	1	1	7	-1	2	1	3	1	-1	3	1	-1	2	4	2	4	1	-1	3	3	1	2	-1	-1	4	2	7	-1
TCGA-66-2793	-1	68	-1	1	1	-1	-1	-1	-1	-1	2	1	2	-1	2	-1	-1	1	-1	2	-1	4	-1	1	-1	3	1	-1	4	-1	-1	3	4	3	4	1	-1	5	6	1	2	-1	-1	5	1	6	-1
TCGA-66-2792	-1	58	-1	1	1	-1	-1	-1	-1	-1	2	1	2	-1	2	-1	2	2	-1	1	-1	6	-1	1	-1	3	1	-1	3	-1	-1	2	4	3	4	1	-1	5	3	-1	2	-1	-1	4	1	3	-1
TCGA-66-2791	-1	66	-1	1	1	-1	-1	-1	-1	-1	2	1	2	-1	2	-1	-1	1	-1	2	-1	6	-1	1	-1	3	1	-1	3	-1	-1	3	4	5	4	1	-1	5	4	-1	3	-1	-1	4	1	7	-1
TCGA-66-2790	-1	72	-1	1	1	-1	-1	-1	-1	-1	2	1	2	-1	2	-1	1	2	-1	1	-1	6	-1	1	-1	3	1	-1	1	-1	-1	2	4	3	4	1	-1	5	3	-1	2	-1	-1	2	1	1	-1
TCGA-77-A5GA	2	76	-1	1	1	-1	2	-1	2	-1	2	1	5	1	2	-1	2	2	-1	1	-1	3	2	1	1	3	1	2	1	1	-1	1	4	2	4	1	1	2	-1	-1	2	-1	2	2	1	1	1
TCGA-77-A5GB	2	90	-1	2	1	5	2	-1	2	1	5	1	5	1	2	-1	1	1	-1	2	-1	3	2	1	1	3	1	2	1	1	-1	1	4	1	3	1	1	3	-1	-1	2	-1	2	2	1	4	2
TCGA-66-2794	-1	64	-1	1	1	-1	-1	-1	-1	-1	2	1	2	-1	2	-1	2	2	-1	1	-1	4	-1	1	-1	3	1	-1	1	-1	-1	3	4	4	4	1	-1	5	3	-1	2	-1	-1	2	1	1	-1
TCGA-77-A5GH	2	81	-1	1	1	8	2	-1	2	-1	2	1	5	1	2	-1	2	2	-1	1	-1	3	2	1	1	3	1	2	3	1	-1	1	4	2	4	1	1	2	-1	-1	2	-1	2	4	1	4	2
TCGA-77-A5G6	2	66	-1	1	1	-1	2	-1	1	1	2	1	2	1	2	-1	1	1	-1	2	-1	6	2	1	1	3	1	2	1	1	-1	3	4	4	4	1	1	3	-1	2	2	-1	2	2	1	2	2
TCGA-77-A5G7	2	63	-1	2	1	-1	2	-1	2	-1	2	1	2	1	2	-1	-1	1	-1	2	-1	8	2	1	1	3	1	2	1	1	-1	1	4	2	4	1	1	3	-1	-1	2	-1	2	2	1	1	2
TCGA-77-A5G1	2	75	-1	1	1	-1	2	-1	1	1	2	1	2	1	2	-1	1	2	-1	1	-1	7	2	1	1	3	1	2	3	1	-1	3	4	3	4	1	1	5	-1	-1	2	-1	2	4	1	7	1
TCGA-22-4613	-1	73	-1	1	1	-1	-1	-1	-1	-1	2	1	-1	-1	2	1	-1	1	4	2	-1	2	2	1	-1	3	1	2	1	-1	-1	1	4	2	4	1	-1	2	3	-1	2	-1	2	2	2	1	-1
TCGA-94-8491	2	73	-1	1	1	-1	2	-1	-1	2	2	1	5	-1	1	1	1	2	-1	1	-1	3	2	2	2	3	1	2	3	2	-1	2	4	3	4	1	-1	2	6	1	-1	-1	2	4	1	7	-1
TCGA-94-8490	-1	70	-1	1	1	-1	2	-1	-1	2	2	1	5	-1	1	1	2	2	-1	1	1	7	2	2	2	3	1	2	1	-1	-1	2	4	2	4	1	-1	4	6	1	2	-1	2	2	1	2	-1
TCGA-77-A5G8	-1	70	-1	2	1	-1	-1	-1	1	-1	2	1	2	1	2	-1	2	2	-1	1	-1	7	2	1	1	3	1	2	1	-1	-1	2	4	2	4	1	1	5	-1	-1	2	-1	2	2	1	2	2
TCGA-43-6647	-1	69	-1	1	1	-1	-1	-1	1	-1	2	1	5	-1	1	1	2	2	-1	1	1	5	-1	2	1	3	1	-1	3	-1	-1	2	5	3	4	1	1	5	5	1	1	-1	-1	4	2	7	-1
TCGA-22-A5C4	2	70	-1	1	1	-1	2	-1	2	2	2	1	5	2	2	1	2	2	-1	1	1	5	2	1	1	3	1	2	3	1	-1	2	4	2	3	1	4	5	-1	1	2	-1	2	4	1	7	1
TCGA-77-8154	2	67	-1	1	1	-1	2	-1	2	2	2	1	2	-1	2	-1	2	2	-1	1	-1	8	2	1	1	3	1	2	3	-1	-1	1	4	2	4	1	1	5	6	1	2	-1	2	4	1	7	2
TCGA-77-8156	2	60	-1	1	1	-1	2	-1	1	-1	2	1	5	-1	2	-1	2	2	-1	1	-1	3	2	1	1	3	1	2	1	1	-1	1	4	2	4	1	1	3	3	-1	2	-1	2	2	1	1	1
TCGA-77-8150	2	64	-1	1	1	-1	2	-1	1	1	2	1	2	-1	2	-1	1	1	-1	2	-1	7	2	1	1	3	1	2	5	-1	-1	3	4	3	4	1	1	3	5	2	2	-1	2	6	1	7	1
TCGA-77-8153	2	77	-1	1	1	-1	2	-1	2	2	2	1	2	-1	2	-1	2	2	-1	1	-1	6	2	1	1	3	1	2	3	1	-1	1	4	2	4	1	1	2	5	1	2	-1	2	4	2	7	2
TCGA-43-3394	-1	52	-1	1	1	-1	-1	-1	1	-1	2	1	2	-1	1	2	1	1	-1	2	1	3	-1	2	1	3	1	-1	3	-1	-1	1	4	2	4	1	2	3	8	1	2	-1	2	4	1	3	-1
TCGA-85-A4QQ	-1	68	-1	1	1	-1	-1	-1	-1	-1	5	1	5	2	1	1	-1	1	-1	2	1	3	2	2	2	3	1	2	3	1	-1	1	4	2	4	1	-1	3	-1	1	2	-1	2	4	1	7	1
TCGA-37-4129	-1	52	-1	1	1	-1	-1	-1	2	-1	2	1	5	-1	2	1	2	2	6	1	1	2	2	1	1	3	1	2	4	-1	-1	1	4	2	4	1	1	5	3	1	2	-1	2	5	2	6	1
TCGA-33-A5GW	-1	67	-1	1	1	-1	-1	-1	2	2	2	1	5	2	1	1	-1	1	6	2	1	1	-1	2	1	3	1	-1	3	1	-1	2	5	3	4	1	1	5	-1	1	2	-1	-1	4	1	7	-1
TCGA-43-7658	-1	75	-1	1	1	-1	-1	-1	1	-1	2	1	2	-1	2	1	1	1	-1	2	-1	8	-1	1	1	3	1	-1	1	-1	-1	1	4	2	2	1	2	5	2	1	-1	-1	-1	2	2	2	-1
TCGA-43-7656	-1	71	-1	1	1	-1	-1	-1	1	-1	2	1	5	-1	1	1	2	2	-1	1	1	2	-1	2	-1	3	1	-1	3	-1	-1	1	5	2	4	1	2	5	6	1	-1	-1	2	4	1	7	-1
TCGA-43-7657	-1	68	-1	1	1	-1	-1	-1	-1	-1	2	1	5	-1	1	1	2	2	-1	1	1	8	-1	2	1	3	1	-1	1	-1	-1	1	5	2	2	1	-1	5	5	-1	-1	-1	2	2	2	2	-1
TCGA-L3-A524	1	45	-1	1	1	-1	2	-1	2	2	2	1	5	2	2	1	-1	1	-1	2	1	7	2	1	1	3	1	2	1	-1	-1	2	4	2	4	1	1	3	-1	1	2	-1	2	2	2	2	1
TCGA-85-8666	-1	65	-1	1	1	-1	-1	-1	-1	-1	2	1	5	-1	1	1	-1	1	-1	2	1	3	-1	2	2	3	1	2	1	-1	-1	1	4	2	4	1	-1	3	5	1	2	-1	-1	2	1	1	-1
TCGA-85-8664	-1	73	-1	1	1	-1	-1	-1	-1	-1	2	1	5	-1	1	1	1	1	-1	2	1	5	-1	2	2	3	1	-1	1	-1	-1	2	4	3	4	1	-1	3	6	1	2	-1	-1	2	1	2	-1
TCGA-85-A50M	2	47	-1	1	1	-1	2	-1	-1	2	2	1	5	2	1	3	-1	1	-1	2	1	5	2	2	2	3	1	2	1	-1	-1	2	4	2	4	1	-1	5	-1	1	2	-1	2	2	1	2	2
TCGA-85-A50Z	-1	57	-1	1	1	-1	-1	-1	1	-1	2	1	5	2	1	1	1	2	6	1	1	5	-1	2	2	3	1	-1	1	-1	-1	2	4	2	4	1	1	3	-1	1	2	-1	2	2	1	2	2
TCGA-98-7454	-1	73	-1	1	1	-1	-1	-1	1	-1	2	1	5	-1	2	1	2	2	8	1	1	3	1	1	-1	3	1	1	1	-1	-1	1	4	2	4	1	1	2	5	1	2	-1	1	2	1	2	-1
TCGA-85-8582	-1	49	-1	1	1	-1	-1	-1	-1	-1	5	1	5	-1	1	1	2	2	-1	1	1	1	2	2	2	3	1	2	1	-1	-1	1	4	2	4	1	-1	3	6	1	2	-1	2	2	1	1	1
TCGA-85-8580	-1	52	-1	1	1	-1	-1	-1	-1	-1	2	1	5	-1	1	1	2	2	-1	1	1	3	2	2	2	3	1	2	3	-1	-1	1	4	2	4	1	-1	5	5	1	2	-1	2	4	2	7	-1
TCGA-85-8584	-1	71	-1	1	1	-1	-1	-1	2	-1	6	1	5	-1	1	1	-1	1	6	2	1	3	2	2	2	3	1	2	1	-1	-1	2	4	3	4	1	1	3	5	1	2	-1	2	2	1	2	1
TCGA-43-2576	-1	62	-1	1	1	-1	-1	-1	-1	-1	2	1	2	-1	1	1	2	2	6	1	1	6	-1	2	1	3	1	-1	1	-1	-1	3	4	4	4	1	4	5	6	1	2	-1	2	2	2	1	-1
TCGA-43-6770	-1	59	-1	1	1	-1	-1	-1	-1	-1	2	1	5	-1	1	2	2	2	-1	1	1	3	-1	2	1	3	1	-1	1	-1	-1	1	5	2	4	1	-1	3	6	1	1	-1	-1	2	2	1	-1
TCGA-43-6771	-1	85	-1	1	1	-1	-1	-1	-1	-1	2	1	2	-1	2	1	1	1	-1	2	-1	6	-1	1	1	3	1	-1	1	-1	-1	1	5	2	4	1	-1	2	7	2	1	-1	-1	2	1	1	-1
TCGA-21-1078	-1	77	-1	1	1	-1	-1	-1	-1	-1	2	1	-1	-1	2	1	1	1	-1	2	1	6	-1	1	-1	3	1	-1	3	-1	-1	1	4	2	2	1	-1	5	1	2	2	-1	-1	4	1	7	-1
TCGA-21-1079	-1	71	-1	1	1	-1	-1	-1	-1	-1	2	1	-1	-1	2	1	1	1	-1	2	1	7	-1	1	-1	3	1	-1	1	-1	-1	3	4	2	4	1	-1	2	1	2	2	-1	-1	2	1	1	-1
TCGA-21-1076	-1	54	-1	1	1	-1	-1	-1	-1	-1	2	1	-1	-1	2	1	1	2	-1	1	1	6	-1	1	-1	3	1	-1	3	-1	-1	1	4	2	4	1	-1	5	8	1	2	-1	-1	4	2	3	-1
TCGA-21-1077	-1	64	-1	1	1	-1	-1	-1	-1	-1	2	1	-1	-1	2	1	1	1	-1	2	1	6	-1	1	-1	3	1	-1	1	-1	-1	2	4	3	2	1	-1	5	6	2	2	-1	-1	2	1	2	-1
TCGA-21-1075	-1	57	-1	1	1	-1	-1	-1	-1	-1	2	1	-1	-1	2	1	2	2	-1	1	1	6	-1	1	-1	3	1	-1	3	-1	-1	2	4	3	4	1	-1	3	1	1	2	-1	-1	4	1	3	-1
TCGA-21-1072	-1	75	-1	1	1	-1	-1	-1	-1	-1	2	1	-1	-1	2	1	2	2	-1	1	1	6	-1	1	-1	3	1	-1	5	-1	-1	1	4	2	4	1	-1	2	6	1	2	-1	-1	6	1	-1	-1
TCGA-43-2578	-1	59	-1	1	1	-1	-1	-1	1	-1	2	1	2	-1	1	1	-1	1	-1	2	1	8	-1	2	1	3	1	-1	1	-1	-1	1	4	2	2	1	1	5	7	1	2	-1	2	2	2	1	-1
TCGA-21-1071	-1	67	-1	1	1	-1	-1	-1	-1	-1	2	1	-1	-1	2	1	1	1	-1	2	1	6	-1	1	-1	3	1	-1	1	-1	-1	1	4	2	4	1	-1	3	3	-1	2	-1	-1	2	1	2	-1
TCGA-22-5482	-1	81	-1	1	1	-1	-1	-1	-1	-1	2	1	-1	-1	2	1	-1	1	4	2	-1	3	2	1	-1	3	1	2	1	-1	-1	1	4	2	4	1	-1	5	5	1	2	-1	2	2	1	1	-1
TCGA-22-5483	-1	74	-1	1	1	-1	-1	-1	-1	-1	2	1	-1	-1	2	1	1	1	4	2	-1	1	2	1	-1	3	1	2	1	-1	-1	2	4	3	4	1	-1	5	4	2	2	-1	2	2	1	2	-1
TCGA-22-5480	-1	66	-1	1	1	-1	-1	-1	-1	-1	2	1	-1	-1	2	1	1	1	4	2	1	2	2	1	-1	3	1	2	1	-1	-1	1	4	2	4	1	-1	5	3	2	2	-1	2	2	2	1	1
TCGA-22-5481	-1	72	-1	1	1	-1	-1	-1	-1	-1	2	1	3	-1	2	1	1	1	-1	2	-1	6	2	1	-1	3	1	2	3	-1	-1	2	4	3	4	1	-1	5	3	-1	2	-1	2	4	2	3	-1
TCGA-34-5927	-1	70	-1	1	1	-1	-1	-1	-1	-1	2	1	-1	-1	2	1	1	2	-1	1	-1	8	-1	1	2	3	1	-1	3	-1	-1	1	4	2	4	1	-1	-1	6	-1	-1	-1	-1	4	2	7	-1
TCGA-22-5485	-1	58	-1	1	1	-1	-1	-1	-1	-1	2	1	-1	-1	2	1	1	1	4	2	-1	1	2	1	-1	3	1	2	1	-1	-1	1	4	2	4	1	-1	3	4	2	2	-1	2	2	2	2	-1
TCGA-18-5595	-1	50	-1	1	1	-1	-1	-1	-1	-1	2	1	-1	-1	2	-1	-1	1	-1	2	-1	6	-1	1	-1	3	1	-1	3	-1	-1	1	4	2	2	1	-1	1	3	-1	2	-1	-1	4	1	7	-1
TCGA-34-5928	-1	83	-1	1	1	-1	-1	-1	-1	-1	2	1	5	-1	2	1	2	2	-1	1	1	6	-1	1	2	3	1	-1	3	-1	-1	2	4	3	4	1	-1	2	3	1	-1	-1	-1	4	2	3	-1
TCGA-22-5489	-1	64	-1	1	1	-1	-1	-1	2	-1	2	1	-1	-1	2	1	1	1	4	2	-1	2	2	1	-1	3	1	2	1	-1	-1	1	4	2	4	1	2	5	4	2	2	-1	2	2	1	1	-1
TCGA-18-5592	-1	57	-1	1	1	-1	-1	-1	-1	-1	2	1	-1	-1	2	-1	2	2	-1	1	-1	7	-1	1	-1	3	1	-1	1	-1	-1	2	4	2	4	1	-1	2	6	1	2	-1	-1	2	1	1	-1
TCGA-68-7756	-1	84	-1	1	1	-1	-1	-1	-1	-1	2	1	5	-1	1	1	2	2	-1	1	1	4	1	2	1	3	1	2	1	-1	-1	3	5	3	4	1	-1	2	4	-1	-1	-1	2	2	1	1	2
TCGA-68-7757	2	74	-1	1	1	-1	2	-1	1	2	2	1	5	-1	2	1	2	2	-1	1	1	2	2	1	1	3	1	2	1	-1	-1	1	5	2	4	1	1	5	2	-1	-1	-1	2	2	1	1	-1
TCGA-68-7755	-1	60	-1	1	1	-1	-1	-1	-1	-1	2	1	5	-1	1	1	2	2	-1	1	1	2	2	2	-1	3	1	2	3	-1	-1	2	4	3	4	1	-1	5	4	1	-1	-1	2	4	2	7	2
TCGA-37-3789	-1	65	-1	1	1	-1	-1	-1	-1	-1	2	1	5	-1	2	1	2	2	-1	1	1	6	2	1	1	3	1	2	1	-1	-1	1	-1	2	4	1	-1	1	3	1	2	-1	2	2	1	1	1
TCGA-94-8035	2	64	-1	1	1	-1	2	-1	-1	2	2	1	5	-1	1	1	2	2	-1	1	1	7	-1	2	1	3	1	-1	1	1	-1	2	5	2	4	1	-1	3	3	1	2	-1	-1	2	1	1	-1
TCGA-85-7710	-1	59	-1	1	1	-1	-1	-1	1	-1	2	1	5	-1	1	1	2	2	-1	1	1	2	-1	2	2	3	1	-1	1	-1	-1	1	4	2	4	1	-1	3	3	1	-1	-1	2	2	2	3	-1
TCGA-21-1070	-1	60	-1	1	1	-1	-1	-1	-1	-1	2	1	-1	-1	2	2	2	2	-1	1	1	7	-1	1	-1	3	1	-1	1	-1	-1	3	4	2	2	1	-1	5	1	1	2	-1	-1	2	2	1	-1
TCGA-37-3783	-1	51	-1	1	1	-1	-1	-1	-1	-1	2	1	5	-1	2	1	2	2	-1	1	1	7	2	1	1	3	1	2	1	-1	-1	3	4	4	4	1	-1	-1	6	1	2	-1	2	2	1	1	1
TCGA-66-2757	-1	65	-1	1	1	-1	-1	-1	-1	-1	2	1	2	-1	2	-1	1	1	-1	2	-1	8	-1	1	-1	3	1	-1	1	-1	-1	1	4	2	4	1	-1	5	3	-1	2	-1	-1	2	2	1	-1
TCGA-66-2756	-1	68	-1	1	1	-1	-1	-1	-1	-1	2	1	2	-1	2	-1	2	2	-1	1	-1	4	-1	1	-1	3	1	-1	1	-1	-1	3	4	2	4	1	-1	5	6	1	2	-1	-1	2	1	1	-1
TCGA-66-2755	-1	63	-1	1	1	-1	-1	-1	-1	-1	2	1	3	-1	2	-1	2	2	-1	1	-1	6	-1	1	-1	3	1	-1	1	-1	-1	1	4	2	4	1	-1	2	8	1	2	-1	-1	2	1	2	-1
TCGA-66-2754	-1	67	-1	1	1	-1	-1	-1	-1	-1	2	1	2	-1	2	-1	2	2	-1	1	-1	6	-1	1	-1	3	1	-1	1	-1	-1	3	4	4	4	1	-1	5	4	1	2	-1	-1	2	1	2	-1
TCGA-66-2753	-1	69	-1	1	1	-1	-1	-1	-1	-1	2	1	3	-1	2	-1	2	2	-1	1	-1	6	-1	1	-1	3	1	-1	3	-1	-1	1	4	2	4	1	-1	5	5	1	2	-1	-1	4	1	3	-1
TCGA-85-8288	-1	70	-1	1	1	-1	-1	-1	1	2	2	1	5	-1	1	1	-1	1	5	2	1	2	-1	2	2	3	1	-1	4	1	-1	2	4	3	4	1	-1	3	4	1	2	-1	2	5	1	6	1
TCGA-66-2759	-1	66	-1	1	1	-1	-1	-1	-1	-1	2	1	3	-1	2	-1	2	2	-1	1	-1	6	-1	1	-1	3	1	-1	3	-1	-1	3	4	4	4	1	-1	2	6	-1	2	-1	-1	4	1	3	-1
TCGA-66-2758	-1	71	-1	1	1	-1	-1	-1	-1	-1	2	1	3	-1	2	-1	2	2	-1	1	-1	6	-1	1	-1	3	1	-1	1	-1	-1	1	4	2	4	1	-1	5	7	-1	2	-1	-1	2	1	1	-1
TCGA-98-A53C	2	77	-1	1	1	-1	2	-1	3	2	2	1	5	2	1	1	2	2	-1	1	1	1	2	2	1	3	1	2	3	1	-1	1	4	2	4	1	1	5	-1	1	2	-1	2	4	2	7	-1
TCGA-98-A53B	2	69	-1	1	1	-1	2	-1	1	2	2	1	5	2	1	1	-1	1	-1	2	1	3	2	2	1	3	1	2	1	1	-1	1	4	2	4	1	1	3	-1	1	2	-1	2	2	1	1	-1
TCGA-85-8048	-1	62	-1	1	1	-1	-1	-1	-1	2	2	1	5	-1	1	1	2	2	-1	1	1	8	-1	2	2	3	1	-1	3	1	-1	1	4	2	4	1	-1	3	3	1	2	-1	-1	4	1	3	2
TCGA-77-7463	-1	75	-1	1	1	-1	-1	-1	2	-1	2	1	2	-1	2	1	-1	1	-1	2	-1	6	2	1	-1	3	1	2	1	-1	-1	1	4	2	4	1	1	5	7	-1	2	-1	2	2	1	1	-1
TCGA-98-A53D	2	68	-1	1	1	-1	2	-1	3	2	5	1	5	2	1	1	1	1	-1	2	1	7	2	2	1	3	1	2	1	1	-1	2	4	2	3	1	1	5	-1	1	2	-1	2	2	1	2	-1
TCGA-98-A53J	2	77	-1	1	1	-1	2	-1	1	2	2	1	5	2	1	1	2	2	-1	1	1	3	1	2	1	3	1	1	1	1	1	1	4	2	4	1	1	2	-1	1	2	2	1	2	1	2	-1
TCGA-98-A53I	1	64	-1	1	1	-1	2	-1	2	2	2	1	5	2	1	1	2	2	-1	1	1	3	1	2	1	3	1	1	1	-1	1	2	4	3	4	1	1	5	-1	-1	2	2	1	2	1	2	-1
TCGA-98-A53H	2	76	-1	1	1	-1	2	-1	2	2	2	1	5	2	1	1	1	2	-1	1	1	1	2	2	1	3	1	2	1	-1	-1	1	4	2	4	1	1	3	-1	-1	2	-1	2	2	2	2	-1
TCGA-77-7465	-1	58	-1	1	1	-1	-1	-1	2	-1	2	1	5	-1	2	1	2	2	-1	1	-1	3	2	1	2	3	1	2	1	-1	-1	2	4	3	4	1	1	3	6	-1	2	-1	2	2	1	2	-1
TCGA-98-A539	2	63	-1	1	1	-1	2	-1	2	2	2	1	5	2	1	1	1	2	-1	1	1	7	1	2	1	3	1	1	1	-1	1	2	4	2	3	1	1	3	-1	-1	2	2	1	2	1	1	-1
TCGA-98-A538	2	67	-1	1	1	-1	2	-1	3	2	2	1	5	2	1	1	2	2	-1	1	1	7	1	2	1	3	1	2	1	-1	-1	2	4	2	4	1	1	5	-1	1	2	2	1	2	1	1	-1
TCGA-18-4086	-1	64	-1	1	1	-1	-1	-1	-1	-1	2	1	-1	-1	2	-1	-1	1	-1	2	-1	6	-1	1	-1	3	1	-1	3	-1	-1	1	4	2	4	1	-1	5	3	1	2	-1	-1	4	1	7	-1
TCGA-MF-A522	1	54	-1	1	1	-1	2	-1	-1	2	5	1	5	2	1	1	1	1	-1	2	-1	3	-1	2	1	3	1	-1	1	-1	-1	1	5	2	4	1	-1	5	-1	-1	-1	-1	-1	2	1	2	-1
TCGA-98-8020	2	56	-1	1	1	-1	2	-1	2	1	2	1	5	-1	2	2	1	1	-1	2	1	6	1	1	1	3	1	2	1	-1	-1	3	4	4	3	1	1	1	5	2	2	2	1	2	2	2	1
TCGA-18-4083	-1	63	-1	1	1	-1	-1	-1	-1	-1	2	1	-1	-1	2	1	-1	1	-1	2	1	6	-1	1	-1	3	1	-1	3	-1	-1	2	4	3	2	1	-1	3	3	1	2	-1	-1	4	1	3	-1
TCGA-34-5929	-1	78	-1	1	1	-1	-1	-1	-1	-1	2	1	5	-1	2	1	-1	1	-1	2	1	6	1	1	-1	3	1	1	1	-1	-1	1	4	2	4	1	-1	2	6	1	-1	-1	-1	2	2	1	-1
TCGA-77-7140	-1	69	-1	1	1	-1	-1	-1	1	-1	2	1	2	-1	2	1	1	1	-1	2	-1	6	2	1	-1	3	1	2	1	-1	-1	2	4	3	2	1	1	1	3	-1	2	-1	2	2	2	1	1
TCGA-90-7964	-1	70	-1	1	1	-1	-1	-1	3	-1	2	1	5	-1	1	1	2	2	-1	1	1	3	2	2	1	3	1	2	1	-1	-1	1	5	2	2	1	3	5	6	1	2	-1	2	2	1	2	-1
TCGA-56-8622	-1	68	-1	1	1	-1	-1	-1	-1	2	2	1	5	-1	1	1	2	2	-1	1	1	3	-1	2	-1	3	1	-1	3	-1	-1	1	4	2	4	1	-1	2	4	1	2	-1	-1	4	1	7	-1
TCGA-56-8623	-1	71	-1	1	1	-1	-1	-1	1	2	2	1	5	-1	1	1	1	1	6	2	1	3	-1	2	-1	3	1	-1	1	-1	-1	1	5	2	4	1	1	3	7	-1	2	-1	-1	2	1	2	2
TCGA-56-8626	2	59	-1	1	1	-1	2	-1	-1	2	2	1	5	-1	1	1	-1	1	-1	2	1	1	-1	2	-1	3	1	-1	1	1	-1	1	5	2	4	1	-1	3	3	1	2	-1	-1	2	1	1	-1
TCGA-56-8624	-1	84	-1	1	1	-1	-1	-1	-1	2	2	1	5	-1	1	1	2	2	-1	1	1	7	1	2	1	3	1	1	3	-1	-1	2	5	2	4	1	-1	2	8	1	2	-1	-1	4	1	7	-1
TCGA-56-8625	1	66	-1	1	1	-1	2	-1	-1	2	2	1	5	-1	1	1	1	1	-1	2	1	7	-1	2	1	3	1	-1	3	2	-1	3	5	3	4	1	-1	3	8	-1	1	-1	-1	4	2	7	2
TCGA-56-8628	2	78	-1	1	1	-1	2	-1	-1	2	2	1	5	-1	1	1	2	2	-1	1	1	2	-1	2	-1	3	1	-1	1	1	-1	1	5	2	4	1	-1	5	3	1	2	-1	-1	2	1	2	-1
TCGA-56-8629	1	63	-1	1	1	-1	2	-1	2	2	2	1	5	-1	1	1	2	2	7	1	1	5	2	2	1	3	1	2	3	1	-1	2	5	2	4	1	1	5	3	1	2	-1	2	4	1	3	-1
TCGA-O2-A52N	2	78	-1	1	1	-1	2	-1	1	2	2	1	2	2	2	1	-1	1	-1	2	1	6	2	1	2	3	1	2	1	-1	-1	1	5	2	4	1	-1	5	-1	1	-1	-1	2	2	1	2	-1
TCGA-79-5596	-1	-1	-1	1	1	-1	-1	-1	2	-1	2	-1	2	-1	2	-1	2	2	-1	1	-1	7	-1	1	-1	3	1	-1	1	-1	-1	3	4	3	4	1	1	5	8	1	2	-1	-1	2	1	1	2
TCGA-O2-A52V	2	75	-1	1	1	-1	1	-1	2	1	2	1	2	2	2	2	1	1	-1	2	1	7	2	1	2	3	1	2	1	-1	-1	2	5	2	4	1	-1	5	-1	1	-1	-1	2	2	2	1	-1
TCGA-O2-A52W	2	63	-1	1	1	-1	2	-1	4	2	2	1	2	2	2	2	-1	1	-1	2	1	6	2	1	2	3	1	2	4	-1	-1	1	5	2	3	1	-1	5	-1	1	-1	-1	2	5	1	7	-1
TCGA-O2-A52Q	2	44	-1	1	1	-1	2	-1	4	1	2	1	2	2	2	1	1	1	-1	2	1	7	2	1	2	3	1	2	1	-1	-1	3	5	3	4	1	-1	3	-1	2	-1	-1	2	2	2	2	-1
TCGA-18-3421	-1	65	-1	1	1	-1	-1	-1	-1	-1	2	1	-1	-1	2	1	2	2	-1	1	1	6	-1	1	-1	3	1	-1	3	-1	-1	1	4	2	4	1	-1	5	3	1	2	-1	-1	4	1	7	-1
TCGA-O2-A52S	2	57	-1	1	1	-1	1	-1	2	1	2	1	2	2	2	1	1	1	-1	2	1	4	2	1	2	3	1	2	3	-1	-1	3	5	4	4	1	-1	5	-1	2	-1	-1	2	4	2	3	-1
TCGA-33-4586	-1	57	-1	1	1	-1	-1	-1	2	-1	2	1	2	-1	-1	1	1	1	-1	2	1	6	-1	-1	1	3	1	-1	3	-1	-1	3	4	4	4	1	2	5	3	-1	-1	-1	-1	4	1	3	-1
TCGA-60-2706	-1	58	-1	1	1	-1	-1	-1	-1	-1	2	1	-1	-1	2	1	2	2	-1	1	1	8	2	1	-1	3	1	2	5	-1	-1	1	4	2	4	1	-1	3	6	1	-1	-1	2	6	1	2	-1
TCGA-60-2707	-1	70	-1	1	1	-1	-1	-1	-1	-1	2	1	-1	-1	2	-1	1	1	-1	2	2	6	2	1	-1	3	1	2	1	-1	-1	1	4	2	4	1	-1	2	6	2	1	-1	2	2	1	1	2
TCGA-60-2704	-1	73	-1	1	1	-1	-1	-1	1	-1	2	1	2	-1	2	1	1	1	-1	2	1	6	2	1	-1	3	1	2	1	-1	-1	2	4	3	4	1	3	3	5	2	2	-1	2	2	1	2	1
TCGA-60-2708	-1	64	-1	1	1	-1	-1	-1	-1	-1	2	1	-1	-1	2	1	2	2	-1	1	1	6	2	1	-1	3	1	2	3	-1	-1	2	4	3	4	1	-1	5	5	1	2	-1	2	4	2	3	1
TCGA-60-2709	-1	69	-1	1	1	-1	-1	-1	-1	-1	2	1	2	-1	2	2	2	2	-1	1	1	6	2	1	-1	3	1	2	1	-1	-1	1	5	2	4	1	-1	3	6	1	2	-1	2	2	1	1	2
TCGA-39-5040	-1	59	-1	1	1	-1	-1	-1	-1	-1	2	1	5	-1	2	1	1	1	-1	2	1	3	2	1	1	3	1	2	1	-1	-1	3	4	4	4	1	1	5	6	2	2	-1	2	2	1	1	2
TCGA-33-AASI	1	65	-1	1	1	-1	1	-1	2	2	2	1	2	2	2	2	-1	1	6	2	1	6	-1	1	2	3	1	-1	1	3	-1	2	5	3	4	1	1	5	-1	2	1	-1	-1	2	2	3	-1
TCGA-33-AASJ	2	60	-1	1	1	-1	2	-1	2	1	2	1	3	2	2	2	1	1	6	2	1	6	-1	1	1	3	1	-1	1	1	-1	1	5	2	4	1	1	5	-1	2	2	-1	-1	2	1	7	-1
TCGA-34-2596	-1	70	-1	1	1	-1	-1	-1	-1	-1	2	1	-1	-1	2	1	-1	1	-1	2	1	6	-1	1	-1	3	1	-1	5	-1	-1	2	4	3	4	1	-1	2	6	1	2	-1	-1	6	1	5	-1
TCGA-63-7021	-1	-1	-1	1	1	-1	-1	-1	2	-1	2	-1	2	-1	2	-1	1	2	-1	1	-1	8	-1	1	1	3	1	-1	1	-1	-1	1	4	2	4	1	1	5	3	1	2	-1	-1	2	1	1	2
TCGA-63-7020	-1	-1	-1	1	1	-1	-1	-1	2	-1	2	-1	2	-1	2	-1	2	2	-1	1	-1	8	-1	1	1	3	1	-1	1	-1	-1	1	4	2	4	1	1	5	6	1	2	-1	-1	2	1	2	2
TCGA-63-7023	-1	-1	-1	1	1	-1	-1	-1	2	-1	2	-1	2	-1	2	-1	2	2	-1	1	-1	8	-1	1	1	3	1	-1	3	-1	-1	2	4	3	4	1	1	5	5	1	2	-1	-1	4	1	3	1
TCGA-63-7022	-1	-1	-1	1	1	-1	-1	-1	1	-1	2	-1	2	-1	2	-1	2	2	-1	1	-1	8	-1	1	1	3	1	-1	1	-1	-1	1	4	2	4	1	1	5	6	1	2	-1	-1	2	2	1	2
TCGA-LA-A7SW	1	71	-1	1	1	-1	2	-1	2	-1	2	1	5	1	1	2	1	1	-1	2	1	7	2	2	1	3	1	2	3	-1	-1	3	5	3	4	1	1	5	-1	-1	2	-1	2	4	1	1	-1
TCGA-51-6867	-1	72	-1	1	1	-1	-1	-1	-1	-1	2	1	2	-1	2	1	1	1	-1	2	1	8	2	1	-1	3	1	-1	1	-1	-1	1	4	2	2	1	-1	5	6	2	2	-1	2	2	2	2	2
TCGA-77-7338	-1	64	-1	1	1	-1	-1	-1	2	-1	2	1	2	-1	2	1	-1	1	-1	2	-1	6	2	1	-1	3	1	2	1	-1	-1	1	4	2	4	1	1	3	5	-1	3	-1	2	2	1	2	2
TCGA-18-4721	-1	74	-1	1	1	-1	-1	-1	-1	-1	2	1	-1	-1	2	1	2	2	-1	1	1	8	-1	1	-1	3	1	-1	3	-1	-1	1	4	2	4	1	-1	5	3	1	2	-1	-1	4	1	3	-1
TCGA-77-7335	-1	62	-1	1	1	-1	-1	-1	2	-1	5	1	2	-1	2	1	-1	1	-1	2	-1	4	2	1	-1	3	1	2	5	-1	-1	3	4	4	4	1	1	2	6	-1	2	-1	2	6	2	-1	1
TCGA-77-7337	-1	65	-1	1	1	-1	-1	-1	1	-1	2	1	2	-1	2	1	-1	1	-1	2	-1	6	2	1	-1	3	1	2	5	-1	-1	2	4	3	4	1	1	5	8	-1	2	-1	2	6	1	1	1
TCGA-22-1002	-1	69	-1	1	1	-1	-1	-1	-1	-1	2	1	-1	-1	2	1	-1	1	-1	2	1	8	2	1	-1	3	1	2	5	-1	-1	1	4	2	4	1	-1	5	4	1	2	-1	2	6	1	6	-1
TCGA-22-1000	-1	76	-1	1	1	-1	-1	-1	-1	-1	2	1	5	-1	2	1	1	1	-1	2	1	6	2	1	-1	3	1	2	5	-1	-1	1	4	2	2	1	-1	5	3	2	2	-1	2	6	1	7	1
TCGA-22-1005	-1	63	-1	1	1	-1	-1	-1	-1	-1	2	1	-1	-1	1	1	-1	1	-1	2	1	8	2	2	-1	3	1	2	5	-1	-1	1	4	2	4	1	-1	5	4	1	2	-1	2	6	1	2	-1
TCGA-37-A5EM	2	49	-1	1	1	-1	2	-1	-1	2	2	1	5	2	1	1	2	2	-1	1	1	6	-1	2	2	3	1	-1	1	1	-1	2	4	2	4	1	-1	-1	-1	1	-1	-1	-1	2	1	1	1
TCGA-J1-A4AH	1	70	-1	1	1	-1	2	-1	-1	2	2	1	5	2	1	1	2	2	-1	1	1	5	2	2	1	3	1	2	3	1	-1	2	5	2	1	1	-1	5	-1	1	2	-1	2	4	1	3	-1
TCGA-33-AAS8	1	59	-1	1	1	-1	2	-1	2	2	2	1	3	2	2	2	-1	1	6	2	1	8	-1	1	2	3	1	-1	1	1	-1	1	5	2	4	1	1	5	-1	1	2	-1	-1	2	2	2	-1
TCGA-34-5241	-1	79	-1	1	1	-1	-1	-1	-1	-1	2	1	-1	-1	2	1	-1	1	-1	2	1	6	-1	1	-1	3	1	2	3	-1	-1	1	4	2	4	1	-1	2	3	1	-1	2	2	4	1	7	-1
TCGA-34-5240	-1	73	-1	1	1	-1	-1	-1	-1	-1	1	1	2	-1	2	1	2	2	-1	1	1	6	2	1	2	3	1	2	1	-1	-1	2	4	3	4	1	-1	3	4	1	-1	-1	2	2	2	1	1
TCGA-33-AASD	2	83	-1	1	1	-1	2	-1	2	1	2	1	3	2	2	2	1	1	7	2	1	8	-1	1	1	3	1	-1	3	2	-1	1	5	2	4	1	1	3	-1	2	2	-1	-1	4	1	7	-1
TCGA-85-8287	-1	72	-1	1	1	-1	-1	-1	1	2	2	1	5	-1	1	1	-1	1	6	2	1	2	-1	2	2	3	1	-1	1	1	-1	1	4	2	4	1	1	3	3	1	2	-1	2	2	1	1	1
TCGA-33-AASB	1	66	-1	1	1	-1	2	-1	2	1	2	1	3	2	2	2	1	1	6	2	1	6	-1	1	1	3	1	-1	1	2	-1	1	5	2	4	1	1	3	-1	2	2	-1	-1	2	1	1	-1
TCGA-33-AASL	2	57	-1	1	1	-1	2	-1	3	1	2	1	3	2	2	2	1	1	6	2	1	8	-1	1	1	3	1	-1	1	2	-1	1	5	2	4	1	1	3	-1	2	2	-1	-1	2	2	2	-1
TCGA-39-5035	-1	72	-1	1	1	-1	-1	-1	-1	-1	2	1	2	-1	2	1	2	2	-1	1	1	2	2	1	1	3	1	2	3	-1	-1	1	4	2	4	1	-1	5	6	1	2	-1	2	4	2	7	1
TCGA-52-7809	-1	74	-1	1	1	-1	-1	-1	-1	-1	1	1	2	-1	2	1	-1	1	-1	2	1	6	2	1	2	3	1	2	1	-1	-1	1	4	2	4	1	-1	3	3	2	2	-1	2	2	1	2	2
TCGA-77-7139	-1	56	-1	1	1	-1	-1	-1	2	-1	2	1	2	-1	2	1	2	2	-1	1	-1	6	2	1	2	3	1	2	3	-1	-1	2	4	3	4	1	1	5	6	-1	2	-1	2	4	1	7	1
