	SAMPLE_TYPE_ID	HISTOLOGICAL_SUBTYPE	WELL_DIFF_LIPOSARC_RESECTION_DAYS_TO	AGE	WELL_DIFF_LIPOSARC_PRIOR_DX_DAYS_TO	CANCER_TYPE	PHARMACEUTICAL_TX_ADJUVANT	DISEASE_MULTIFOCAL_INDICATOR	SYNOVIAL_SS18SSX_TESTING_METHOD	LOCOREGIONAL_RECURRENCE_INDICATOR	PATH_MARGIN	PERCENTAGE_NECROSIS	RADIATION_TREATMENT_ADJUVANT	INITIAL_PATHOLOGIC_DX_YEAR	WELL_DIFF_LIPOSARC_PRIOR_DX_INDICATOR	NEW_TUMOR_EVENT_AFTER_INITIAL_TREATMENT	ICD_O_3_HISTOLOGY	CONTIGUOUS_ORGAN_RESECTION	OCT_EMBEDDED	PROSPECTIVE_COLLECTION	RACE	DFS_STATUS	MPNST_NF_INDICATOR	VITAL_STATUS	OS_STATUS	ETHNICITY	METASTATIC_SITE	METASTATIC_SITE_OTHER	DAYS_TO_INITIAL_PATHOLOGIC_DIAGNOSIS	RETROSPECTIVE_COLLECTION	METASTATIC_DISEASE_CONFIRMED	ONCOTREE_CODE	SYNOVIAL_SS18SSX_FUSION_STATUS	HISTORY_NEOADJUVANT_TRTYN	CONTIGUOUS_ORGAN_INVADED	INFORMED_CONSENT_VERIFIED	HISTORY_OTHER_MALIGNANCY	MPNST_PLEXIFORM_NEUROFIBROMA_SITE	MPNST_NF_FAMILIAL_OR_SPORADIC	CANCER_TYPE_DETAILED	CONTIGUOUS_ORGAN_RESECTION_OTHER	TUMOR_TOTAL_NECROSIS	HISTOLOGICAL_DIAGNOSIS	LEIOMYO_MAJOR_VESSEL_INVOLVEMENT	DISCONTINUOUS_LESIONS_COUNT	MPNST_NF1_GENETIC_TESTING_INDICATOR	RESIDUAL_TUMOR	SAMPLE_TYPE	LEIOMYOSARCOMA_UTERINE_INVOLVEMENT	MPNST_NF1_MUTATIONS_IDENTIFIED	GENDER	TUMOR_TOTAL_DEPTH	TUMOR_STATUS
TCGA-DX-A1L4	2	-1	-1	60	-1	1	-1	2	-1	-1	-1	-1	-1	14	-1	-1	7	-1	2	-1	1	1	-1	2	1	1	-1	-1	1	-1	-1	1	-1	1	-1	1	2	-1	-1	6	-1	-1	11	-1	-1	-1	2	2	-1	-1	1	2	-1
TCGA-X6-A7WB	2	1	-1	58	-1	1	2	2	-1	2	1	10	2	15	-1	1	17	-1	2	2	1	1	-1	1	2	1	-1	-1	1	1	2	5	-1	1	-1	1	2	-1	-1	7	-1	2	5	6	-1	-1	3	2	1	-1	2	2	2
TCGA-DX-A1KU	2	-1	-1	82	-1	1	-1	1	-1	-1	-1	-1	-1	16	-1	-1	7	-1	2	2	1	1	-1	1	2	1	-1	-1	1	1	-1	1	-1	1	-1	1	2	-1	-1	6	-1	-1	11	-1	-1	-1	4	2	-1	-1	1	2	2
TCGA-DX-A1KW	2	-1	-1	67	-1	1	-1	2	-1	-1	-1	-1	-1	14	-1	-1	7	-1	2	-1	1	-1	-1	1	2	1	-1	-1	1	-1	-1	1	-1	1	-1	1	2	-1	-1	6	-1	-1	11	-1	-1	-1	3	2	-1	-1	1	2	-1
TCGA-HB-A2OT	2	-1	-1	78	-1	1	-1	2	-1	2	2	-1	-1	14	-1	-1	3	-1	1	2	2	2	-1	2	1	1	-1	-1	1	1	2	4	-1	1	2	1	2	-1	-1	5	-1	1	9	-1	-1	-1	2	2	-1	-1	2	2	1
TCGA-DX-A1KZ	2	-1	-1	66	-1	1	-1	2	-1	-1	-1	-1	-1	14	-1	-1	7	-1	2	-1	1	1	-1	2	1	1	-1	-1	1	-1	-1	1	-1	1	-1	1	2	-1	-1	6	-1	-1	11	-1	-1	-1	3	2	-1	-1	1	2	-1
TCGA-DX-A6BH	2	-1	-1	34	-1	1	2	2	-1	2	1	-1	2	18	2	2	7	-1	2	2	1	1	-1	2	1	1	-1	-1	1	1	2	1	-1	1	-1	1	2	-1	-1	6	-1	1	11	-1	-1	-1	3	2	-1	-1	1	2	2
TCGA-DX-A1KX	2	-1	-1	67	-1	1	-1	2	-1	-1	-1	-1	-1	14	-1	-1	7	-1	2	-1	1	2	-1	2	1	1	-1	-1	1	-1	-1	1	-1	1	-1	1	2	-1	-1	6	-1	-1	11	-1	-1	-1	2	2	-1	-1	2	2	-1
TCGA-DX-A1KY	2	-1	-1	66	-1	1	-1	2	-1	-1	-1	-1	-1	14	-1	-1	7	-1	2	-1	1	1	-1	1	2	1	-1	-1	1	-1	-1	1	-1	1	-1	1	2	-1	-1	6	-1	-1	11	-1	-1	-1	3	2	-1	-1	1	2	-1
TCGA-X6-A8C6	2	-1	-1	55	-1	1	2	2	-1	2	1	11	1	15	-1	1	16	-1	2	2	1	1	-1	1	2	1	-1	-1	1	1	2	6	-1	1	-1	1	1	-1	-1	2	-1	1	7	-1	1	-1	3	2	-1	-1	1	2	2
TCGA-DX-A8BP	2	-1	-1	85	-1	1	2	2	-1	2	1	-1	2	14	-1	1	14	-1	2	2	1	1	-1	2	1	1	1	-1	1	1	1	4	-1	1	-1	1	1	-1	-1	5	-1	1	2	-1	-1	-1	3	2	-1	-1	1	2	2
TCGA-QQ-A5V2	2	-1	-1	42	-1	1	-1	2	-1	-1	-1	-1	-1	9	-1	-1	14	-1	1	2	1	2	-1	2	1	1	-1	-1	1	1	-1	4	-1	1	-1	1	2	-1	-1	5	-1	1	3	-1	-1	-1	3	2	-1	-1	1	1	-1
TCGA-DX-AB2P	2	-1	-1	79	-1	1	2	2	-1	1	2	8	1	12	-1	1	14	-1	2	2	1	1	-1	1	2	1	1	-1	1	1	1	4	-1	1	-1	1	1	-1	-1	5	-1	3	2	-1	-1	-1	2	2	-1	-1	1	2	2
TCGA-DX-A6YX	2	-1	-1	68	-1	1	2	2	-1	2	2	-1	1	12	-1	1	16	-1	2	2	-1	1	-1	1	2	-1	1	-1	1	1	1	6	-1	1	-1	1	2	-1	-1	2	-1	2	7	-1	-1	-1	2	2	-1	-1	2	1	2
TCGA-IW-A3M6	2	1	-1	59	-1	1	-1	2	-1	2	-1	-1	-1	15	-1	-1	17	-1	2	2	3	2	-1	2	1	1	-1	-1	1	1	2	5	-1	1	2	1	1	-1	-1	7	-1	2	5	6	1	-1	2	2	1	-1	2	2	-1
TCGA-WK-A8Y0	2	-1	-1	49	-1	1	2	2	-1	1	2	1	1	16	-1	1	3	3	1	2	1	1	-1	1	2	1	1	-1	1	1	1	4	-1	1	2	1	2	-1	-1	5	4	2	9	-1	-1	-1	2	2	-1	-1	2	2	2
TCGA-UE-A6QU	2	-1	-1	90	-1	1	2	2	-1	2	2	11	2	17	-1	2	10	-1	2	1	3	2	-1	2	1	1	-1	-1	1	2	2	8	-1	1	2	1	2	-1	-1	1	-1	1	9	-1	-1	-1	2	2	-1	-1	2	2	1
TCGA-UE-A6QT	2	-1	-1	50	-1	1	2	2	-1	2	2	11	2	17	2	2	10	-1	2	1	3	2	-1	2	1	1	-1	-1	1	2	2	8	-1	1	2	1	2	-1	-1	1	-1	1	9	-1	2	-1	2	2	-1	-1	2	2	1
TCGA-K1-A3PO	2	1	-1	42	-1	1	-1	2	-1	2	2	-1	-1	16	-1	-1	17	-1	2	1	1	2	-1	2	1	1	-1	-1	1	2	2	5	-1	1	-1	1	2	-1	-1	7	-1	1	5	6	-1	-1	2	2	2	-1	1	2	1
TCGA-K1-A3PN	1	1	-1	64	-1	1	-1	2	-1	2	2	-1	-1	9	-1	-1	17	-1	2	1	1	1	-1	2	1	1	2	3	1	2	1	5	-1	1	-1	1	2	-1	-1	7	-1	-1	5	6	-1	-1	2	1	1	-1	2	2	2
TCGA-KD-A5QS	2	3	-1	55	-1	1	1	-1	-1	2	-1	-1	-1	14	-1	1	17	-1	1	2	1	1	-1	1	2	1	3	-1	1	1	1	5	-1	1	-1	1	2	-1	-1	7	-1	4	5	-1	-1	-1	1	2	1	-1	2	-1	2
TCGA-HS-A5NA	2	1	-1	65	-1	1	2	2	-1	-1	-1	-1	1	-1	-1	1	17	3	1	2	-1	2	-1	2	1	-1	-1	-1	1	1	2	5	-1	1	1	1	2	-1	-1	7	8	1	5	6	-1	-1	1	2	1	-1	2	2	2
TCGA-QC-A7B5	2	-1	-1	75	-1	1	2	2	-1	2	1	-1	2	17	-1	2	3	-1	2	2	1	1	-1	2	1	1	-1	-1	1	1	2	4	-1	1	-1	1	2	-1	-1	5	-1	1	2	-1	-1	-1	1	2	-1	-1	1	1	1
TCGA-DX-A3UC	2	1	-1	37	-1	1	2	2	-1	-1	2	-1	2	14	-1	1	17	-1	2	2	1	1	-1	2	1	1	-1	-1	1	1	-1	5	-1	1	-1	1	2	-1	-1	7	-1	-1	5	1	-1	-1	2	2	2	-1	2	2	2
TCGA-DX-AB36	2	-1	4	86	3	1	2	2	-1	2	1	-1	2	13	1	2	7	-1	2	2	1	-1	-1	1	2	1	-1	-1	1	1	2	1	-1	1	-1	1	1	-1	-1	6	-1	1	11	-1	-1	-1	3	2	-1	-1	1	2	-1
TCGA-PC-A5DK	2	2	-1	63	-1	1	2	2	-1	-1	2	-1	2	11	-1	2	17	-1	2	2	1	2	-1	2	1	1	-1	-1	1	1	-1	5	-1	1	-1	1	2	-1	-1	7	-1	-1	5	4	-1	-1	2	2	-1	-1	1	-1	1
TCGA-RN-A68Q	2	-1	-1	62	-1	2	2	-1	-1	-1	-1	13	2	16	-1	2	13	-1	2	2	1	2	-1	2	1	1	-1	-1	1	1	-1	3	-1	1	-1	1	2	-1	-1	4	-1	2	8	-1	-1	-1	1	2	-1	-1	2	-1	1
TCGA-Z4-AAPG	2	-1	-1	64	-1	1	2	2	-1	-1	2	-1	2	17	-1	2	3	-1	2	1	1	2	-1	2	1	1	-1	-1	1	2	-1	4	-1	1	-1	1	2	-1	-1	5	-1	-1	9	-1	-1	-1	2	2	-1	-1	2	2	1
TCGA-Z4-AAPF	2	-1	-1	35	-1	1	2	2	-1	-1	2	-1	2	17	-1	2	1	-1	2	1	1	2	-1	2	1	1	-1	-1	1	2	-1	7	-1	1	-1	1	2	-1	-1	8	-1	-1	6	-1	-1	-1	2	2	-1	-1	2	1	1
TCGA-RN-AAAQ	2	-1	-1	52	-1	2	1	-1	-1	-1	-1	8	1	17	-1	2	13	-1	1	2	1	1	1	2	1	1	-1	-1	1	1	2	3	-1	1	-1	1	2	-1	2	4	-1	4	8	-1	-1	2	-1	2	-1	-1	1	2	1
TCGA-MB-A5Y9	2	-1	-1	90	-1	1	2	2	-1	-1	1	13	2	18	-1	2	3	-1	2	1	1	2	-1	2	1	1	-1	-1	1	2	-1	4	-1	1	-1	1	1	-1	-1	5	-1	2	9	-1	-1	-1	3	2	-1	-1	1	-1	2
TCGA-MB-A5Y8	2	-1	-1	60	-1	1	1	-1	-1	-1	2	11	1	18	-1	2	3	-1	2	1	1	2	-1	2	1	1	-1	-1	1	2	-1	4	-1	1	-1	1	2	-1	-1	5	-1	1	9	-1	-1	-1	2	2	-1	-1	2	-1	1
TCGA-IE-A4EK	2	2	-1	54	-1	1	-1	2	-1	-1	1	-1	-1	18	-1	-1	17	-1	1	1	1	2	-1	2	1	1	-1	-1	1	2	2	5	-1	1	-1	1	2	-1	-1	7	-1	1	5	5	-1	-1	3	2	2	-1	1	-1	-1
TCGA-IE-A4EJ	2	-1	-1	84	-1	1	-1	2	-1	-1	1	-1	-1	18	-1	-1	12	-1	1	1	1	2	-1	2	1	1	-1	-1	1	2	-1	4	-1	1	-1	1	2	-1	-1	5	-1	1	9	-1	-1	-1	3	2	-1	-1	2	-1	1
TCGA-IE-A4EI	2	3	-1	67	-1	1	2	2	-1	2	2	-1	2	18	-1	2	17	-1	1	1	1	2	-1	2	1	1	-1	-1	1	2	2	5	-1	1	-1	1	2	-1	-1	7	-1	1	5	6	-1	-1	2	2	2	-1	2	-1	1
TCGA-IE-A4EH	2	3	-1	35	-1	1	1	2	-1	2	2	-1	2	15	-1	2	17	-1	1	1	1	2	-1	2	1	1	-1	-1	1	2	2	5	-1	1	-1	1	2	-1	-1	7	-1	3	5	-1	1	-1	2	2	1	-1	2	-1	1
TCGA-MB-A5YA	2	3	-1	63	-1	1	2	2	-1	2	2	11	2	18	-1	2	17	4	2	1	1	2	-1	2	1	1	-1	-1	1	2	-1	5	-1	1	2	1	2	-1	-1	7	-1	1	5	4	2	-1	2	2	2	-1	1	-1	1
TCGA-JV-A5VE	2	3	-1	60	-1	1	1	2	-1	2	2	16	2	18	-1	2	17	3	1	1	2	2	-1	2	1	1	-1	-1	1	2	2	5	-1	1	1	1	2	-1	-1	7	3	3	5	6	1	-1	2	2	1	-1	2	2	1
TCGA-KF-A41W	2	-1	-1	71	-1	1	1	2	-1	2	2	-1	2	18	-1	2	17	-1	1	1	1	2	-1	2	1	1	-1	-1	1	2	2	5	-1	1	-1	1	1	-1	-1	7	-1	-1	5	6	-1	-1	1	2	1	-1	2	-1	1
TCGA-K1-A6RV	2	3	-1	67	-1	1	2	2	-1	-1	1	17	1	17	-1	-1	17	-1	2	1	1	2	-1	2	1	1	-1	-1	1	2	-1	5	-1	1	-1	1	2	-1	-1	7	-1	4	5	6	-1	-1	3	2	2	-1	1	2	2
TCGA-K1-A6RT	2	1	-1	48	-1	1	2	2	-1	-1	2	-1	1	18	-1	1	17	-1	2	1	1	1	-1	2	1	1	-1	-1	1	2	-1	5	-1	1	-1	1	2	-1	-1	7	-1	1	5	6	-1	-1	2	2	2	-1	1	1	2
TCGA-K1-A6RU	2	-1	-1	66	-1	1	2	-1	-1	-1	1	3	1	17	-1	1	16	-1	2	1	1	1	-1	1	2	1	-1	-1	1	2	-1	6	-1	1	-1	1	2	-1	-1	2	-1	3	7	-1	-1	-1	3	2	-1	-1	2	2	2
TCGA-HS-A5N8	2	3	-1	69	-1	1	-1	2	-1	-1	-1	-1	-1	-1	-1	-1	17	-1	1	2	-1	-1	-1	1	2	-1	-1	-1	1	1	-1	5	-1	1	-1	1	2	-1	-1	7	-1	-1	5	-1	-1	-1	4	2	1	-1	2	2	2
TCGA-HS-A5N9	2	3	-1	58	-1	1	1	2	-1	2	2	8	2	-1	-1	2	17	-1	1	2	-1	2	-1	2	1	-1	-1	-1	1	1	2	5	-1	1	2	1	1	-1	-1	7	-1	4	5	-1	-1	-1	2	2	1	-1	2	2	1
TCGA-WP-A9GB	2	1	-1	59	-1	1	2	2	-1	-1	2	-1	2	18	-1	1	17	-1	1	2	1	1	-1	1	2	1	-1	-1	1	1	-1	5	-1	1	-1	1	2	-1	-1	7	-1	2	5	6	-1	-1	1	2	2	-1	2	-1	2
TCGA-IF-A4AJ	2	1	-1	80	-1	1	2	2	-1	2	2	16	2	1	-1	1	17	-1	1	2	1	1	-1	1	2	1	1	-1	1	1	1	5	-1	1	2	1	2	-1	-1	7	-1	3	5	6	-1	-1	2	2	2	-1	1	2	2
TCGA-IF-A4AK	2	1	-1	82	-1	1	2	2	-1	2	2	-1	1	16	-1	2	17	-1	1	2	1	2	-1	2	1	1	-1	-1	1	1	2	5	-1	1	2	1	1	-1	-1	7	-1	1	5	6	-1	-1	2	2	2	-1	2	2	1
TCGA-QC-A6FX	2	-1	-1	68	-1	1	2	2	-1	2	2	1	1	17	-1	2	3	-1	2	1	1	2	-1	2	1	1	-1	-1	1	2	2	4	-1	1	2	1	1	-1	-1	5	-1	3	2	-1	1	-1	2	2	-1	-1	1	2	1
TCGA-HS-A5N7	2	1	-1	67	-1	1	2	2	-1	2	2	-1	1	-1	-1	2	17	6	1	2	-1	2	-1	2	1	-1	-1	-1	1	1	2	5	-1	1	2	1	2	-1	-1	7	-1	3	5	6	-1	-1	2	2	2	-1	2	1	1
TCGA-HB-A3L4	2	3	-1	46	-1	1	-1	2	-1	-1	2	-1	-1	14	-1	-1	17	-1	1	2	1	1	-1	1	2	1	1	-1	1	1	1	5	-1	1	-1	1	2	-1	-1	7	-1	-1	5	6	-1	-1	2	2	1	-1	2	2	2
TCGA-3R-A8YX	2	-1	-1	66	-1	1	2	1	-1	2	1	-1	2	17	2	2	7	5	2	1	-1	-1	-1	1	2	-1	1	-1	1	2	1	1	-1	1	1	1	2	-1	-1	6	-1	1	11	-1	-1	-1	4	2	-1	-1	1	-1	2
TCGA-LI-A67I	2	-1	-1	75	-1	1	2	2	-1	2	1	16	1	17	-1	2	14	-1	2	1	1	1	-1	2	1	1	-1	-1	1	2	2	6	-1	1	-1	1	2	-1	-1	2	-1	3	7	-1	-1	-1	1	2	-1	-1	2	2	1
TCGA-MO-A47R	2	1	-1	75	-1	1	2	-1	-1	-1	-1	-1	2	16	-1	2	17	-1	2	1	3	1	-1	1	2	1	-1	-1	1	2	-1	5	-1	1	-1	1	2	-1	-1	7	-1	-1	5	-1	-1	-1	2	2	2	-1	2	-1	1
TCGA-MO-A47P	2	-1	-1	37	-1	1	2	-1	-1	-1	-1	-1	2	18	2	2	15	-1	2	1	3	2	-1	2	1	1	-1	-1	1	2	-1	1	-1	1	-1	1	2	-1	-1	6	-1	-1	11	-1	-1	-1	2	2	-1	-1	2	-1	1
TCGA-DX-A3UA	2	1	-1	47	-1	1	2	2	-1	-1	-1	-1	2	14	-1	2	17	-1	2	2	1	-1	-1	1	2	1	-1	-1	1	1	-1	5	-1	1	-1	1	2	-1	-1	7	-1	-1	5	6	-1	-1	2	2	2	-1	2	2	-1
TCGA-DX-A6YU	2	-1	-1	50	-1	1	2	2	-1	2	2	13	2	18	-1	2	16	-1	2	2	1	2	-1	2	1	1	-1	-1	1	1	2	6	-1	1	-1	1	1	-1	-1	2	-1	2	7	-1	-1	-1	2	2	-1	-1	2	2	1
TCGA-JV-A75J	2	1	-1	43	-1	1	1	1	-1	2	1	-1	2	17	-1	2	17	1	2	1	1	-1	-1	1	2	2	2	5	1	2	1	5	-1	1	1	1	2	-1	-1	7	-1	4	5	6	8	-1	4	2	1	-1	2	2	2
TCGA-DX-A6YT	2	-1	-1	31	-1	1	2	2	-1	2	2	-1	2	13	-1	2	16	-1	2	2	1	2	-1	2	1	1	-1	-1	1	1	2	6	-1	1	-1	1	1	-1	-1	2	-1	1	7	-1	-1	-1	2	2	-1	-1	2	1	1
TCGA-DX-A6YS	2	-1	-1	61	-1	1	2	2	-1	2	2	-1	1	13	-1	2	16	-1	2	2	1	2	-1	2	1	-1	-1	-1	1	1	2	6	-1	1	-1	1	2	-1	-1	2	-1	2	7	-1	-1	-1	2	2	-1	-1	1	2	1
TCGA-QQ-A5VB	2	3	-1	53	-1	1	1	2	-1	1	1	-1	2	2	2	1	17	4	2	2	1	1	-1	1	2	-1	2	2	1	1	1	5	-1	1	1	1	2	-1	-1	7	-1	2	5	3	1	2	3	2	2	-1	2	2	2
TCGA-DX-AB2F	2	-1	-1	76	-1	1	2	2	-1	2	1	14	2	17	2	2	7	-1	2	1	1	2	-1	2	1	1	-1	-1	1	2	2	1	-1	1	-1	1	2	-1	-1	6	-1	3	11	-1	-1	-1	2	2	-1	-1	2	2	1
TCGA-DX-AB2G	2	-1	-1	36	-1	1	2	1	-1	2	2	3	2	17	2	2	7	-1	2	1	1	2	-1	2	1	1	-1	-1	1	2	2	1	-1	1	-1	1	2	-1	-1	6	-1	3	11	-1	4	-1	2	2	-1	-1	1	2	1
TCGA-DX-AB2E	2	-1	-1	60	-1	1	2	2	-1	2	1	16	2	17	-1	1	16	-1	2	1	1	1	-1	2	1	1	2	1	1	2	1	6	-1	1	-1	1	2	-1	-1	2	-1	3	7	-1	-1	-1	2	2	-1	-1	1	2	2
TCGA-PC-A5DN	2	3	-1	77	-1	1	2	2	-1	-1	-1	-1	2	12	-1	2	17	-1	2	2	1	-1	-1	1	2	1	-1	-1	1	1	-1	5	-1	1	-1	1	2	-1	-1	7	-1	-1	5	-1	-1	-1	3	2	-1	-1	2	-1	1
TCGA-PC-A5DO	2	2	-1	59	-1	1	2	2	-1	-1	2	-1	2	9	-1	2	17	-1	2	2	1	-1	-1	1	2	1	-1	-1	1	1	-1	5	-1	1	-1	1	2	-1	-1	7	-1	-1	5	-1	-1	-1	3	2	-1	-1	2	-1	2
TCGA-PC-A5DL	2	3	-1	67	-1	1	2	2	-1	-1	-1	-1	2	11	-1	2	17	-1	2	2	1	-1	-1	1	2	1	-1	-1	1	1	-1	5	-1	1	-1	1	2	-1	-1	7	-1	-1	5	-1	-1	-1	1	2	2	-1	1	-1	-1
TCGA-PC-A5DM	2	3	-1	73	-1	1	2	2	-1	-1	1	-1	1	12	-1	2	17	-1	2	2	1	-1	-1	1	2	1	-1	-1	1	1	-1	5	-1	1	-1	1	1	-1	-1	7	-1	-1	5	-1	-1	-1	3	2	2	-1	1	-1	-1
TCGA-3B-A9HJ	2	-1	-1	68	-1	1	2	1	-1	2	-1	-1	1	15	2	2	7	-1	2	2	1	2	-1	2	1	1	-1	-1	1	1	2	1	-1	1	2	1	1	-1	-1	6	-1	1	11	-1	-1	-1	1	2	-1	-1	1	-1	1
TCGA-DX-AB2O	2	-1	-1	78	-1	1	2	2	-1	2	2	1	2	10	-1	2	14	-1	2	2	1	2	-1	2	1	1	-1	-1	1	1	2	4	-1	1	-1	1	2	-1	-1	5	-1	2	2	-1	-1	-1	2	2	-1	-1	2	1	1
TCGA-DX-AB2L	2	-1	-1	35	-1	1	2	2	-1	2	1	-1	2	14	-1	2	16	-1	2	2	1	2	-1	2	1	-1	-1	-1	1	1	2	6	-1	1	-1	1	2	-1	-1	2	-1	1	7	-1	-1	-1	3	2	-1	-1	1	2	1
TCGA-3B-A9HI	2	-1	-1	-1	-1	1	-1	-1	-1	-1	-1	-1	-1	-1	-1	-1	-1	-1	2	-1	-1	-1	-1	-1	-1	-1	-1	-1	-1	-1	-1	1	-1	-1	-1	-1	-1	-1	-1	6	-1	-1	-1	-1	-1	-1	-1	2	-1	-1	-1	-1	-1
TCGA-DX-AB2J	2	-1	-1	71	-1	1	2	2	-1	2	1	6	2	9	-1	2	3	-1	2	2	1	-1	-1	1	2	-1	-1	-1	1	1	2	4	-1	1	-1	1	1	-1	-1	5	-1	3	2	-1	-1	-1	3	2	-1	-1	2	2	2
TCGA-3B-A9HO	2	-1	-1	75	-1	1	2	2	-1	2	1	-1	2	18	2	1	7	-1	2	2	1	1	-1	2	1	1	-1	-1	1	1	2	1	-1	-1	2	1	1	-1	-1	6	-1	-1	11	-1	-1	-1	3	2	-1	-1	1	-1	1
TCGA-DX-AB2H	2	-1	6	80	5	1	2	1	-1	2	2	-1	2	17	1	2	7	-1	2	2	1	2	-1	2	1	1	-1	-1	1	1	2	1	-1	1	-1	1	1	-1	-1	6	-1	1	11	-1	-1	-1	2	2	-1	-1	2	2	1
TCGA-HB-A5W3	2	1	-1	58	-1	1	1	2	-1	2	2	-1	2	16	-1	-1	17	3	1	1	1	-1	-1	1	2	1	1	-1	1	2	1	5	-1	1	1	1	1	-1	-1	7	-1	1	5	6	-1	-1	2	2	2	-1	2	2	2
TCGA-DX-AB2V	2	-1	-1	81	-1	1	2	2	-1	2	2	-1	1	9	-1	2	16	-1	2	2	1	2	-1	2	1	1	-1	-1	1	1	2	6	-1	1	-1	1	2	-1	-1	2	-1	1	7	-1	-1	-1	2	2	-1	-1	1	1	1
TCGA-3B-A9HS	2	3	-1	60	-1	1	1	1	-1	1	2	6	1	13	-1	1	8	-1	2	2	1	1	-1	1	2	1	2	6	1	1	1	5	-1	1	-1	1	2	-1	-1	7	-1	3	5	6	3	-1	2	2	2	-1	1	-1	2
TCGA-DX-AB2T	2	-1	-1	54	-1	1	2	2	-1	2	2	-1	2	13	-1	1	16	-1	2	2	2	1	-1	2	1	1	1	-1	1	1	1	6	-1	1	-1	1	2	-1	-1	2	-1	1	7	-1	-1	-1	2	2	-1	-1	2	2	1
TCGA-3B-A9HQ	2	1	-1	66	-1	1	2	2	-1	2	2	13	2	10	-1	2	17	-1	2	2	1	2	-1	2	1	1	-1	-1	1	1	2	5	-1	1	-1	1	2	-1	-1	7	-1	2	5	6	-1	-1	2	2	2	-1	2	-1	-1
TCGA-3B-A9HV	2	1	-1	48	-1	1	1	1	-1	2	2	16	2	16	-1	1	17	-1	2	2	1	1	-1	1	2	1	1	-1	1	1	1	5	-1	1	2	1	2	-1	-1	7	-1	3	5	6	5	-1	1	2	1	-1	2	-1	2
TCGA-DX-AB2S	2	-1	-1	53	-1	1	2	2	-1	2	2	-1	1	12	-1	2	16	-1	2	2	1	2	-1	2	1	2	-1	-1	1	1	2	6	-1	1	-1	1	2	-1	-1	2	-1	1	7	-1	-1	-1	2	2	-1	-1	2	2	1
TCGA-3B-A9HT	2	1	-1	53	-1	1	1	2	-1	2	2	-1	1	16	-1	1	17	-1	2	2	1	1	-1	2	1	1	-1	-1	1	1	2	5	-1	1	2	1	2	-1	-1	7	-1	1	5	6	-1	-1	2	2	2	-1	1	-1	1
TCGA-SI-A71Q	2	-1	-1	34	-1	2	2	2	-1	2	2	11	1	18	-1	2	13	-1	2	2	2	2	1	2	1	1	-1	-1	1	1	2	3	-1	1	-1	1	2	2	2	4	-1	1	8	-1	2	2	2	2	-1	-1	2	2	1
TCGA-3B-A9HZ	2	3	-1	66	-1	1	1	2	-1	2	1	3	1	15	-1	1	17	-1	2	2	1	1	-1	2	1	1	1	-1	1	1	1	5	-1	1	2	1	2	-1	-1	7	-1	3	5	6	-1	-1	3	2	2	-1	1	-1	2
TCGA-3B-A9HU	2	1	-1	53	-1	1	2	2	-1	2	2	1	2	16	-1	1	17	-1	2	2	2	1	-1	2	1	1	1	-1	1	1	1	5	-1	1	2	1	2	-1	-1	7	-1	3	5	6	-1	-1	2	2	2	-1	2	-1	2
TCGA-3B-A9HX	2	3	-1	70	-1	1	2	1	-1	2	2	4	2	15	-1	2	17	-1	2	2	1	2	-1	2	1	1	-1	-1	1	1	2	5	-1	1	2	1	2	-1	-1	7	-1	3	5	6	3	-1	2	2	2	-1	2	-1	1
TCGA-3B-A9HY	2	1	-1	49	-1	1	2	2	-1	2	2	-1	2	15	-1	2	17	-1	2	2	1	2	-1	2	1	1	-1	-1	1	1	2	5	-1	1	2	1	2	-1	-1	7	-1	2	5	6	-1	-1	2	2	2	-1	1	1	1
TCGA-SI-AA8C	2	-1	-1	20	-1	2	2	2	-1	2	1	-1	1	17	-1	1	13	-1	2	2	1	1	1	2	1	1	1	-1	1	1	1	3	-1	1	-1	1	2	-1	1	4	-1	4	8	-1	-1	1	3	2	-1	1	2	2	2
TCGA-X6-A7WC	2	1	-1	74	-1	1	2	2	-1	2	2	-1	1	15	-1	1	17	-1	2	2	1	1	-1	2	1	1	-1	-1	1	1	2	5	-1	1	-1	1	2	-1	-1	7	-1	2	5	6	1	-1	2	2	2	-1	1	2	2
TCGA-DX-AB2X	2	-1	-1	73	-1	1	2	2	-1	1	2	3	2	16	-1	1	3	-1	2	2	1	1	-1	1	2	1	1	-1	1	1	1	4	-1	1	-1	1	1	-1	-1	5	-1	3	2	-1	-1	-1	2	2	-1	-1	2	2	2
TCGA-X6-A7WA	2	1	-1	90	-1	1	2	2	-1	2	1	1	2	18	-1	2	17	-1	2	2	1	2	-1	2	1	1	-1	-1	1	1	2	5	-1	1	-1	1	2	-1	-1	7	-1	3	5	6	1	-1	3	2	2	-1	2	2	2
TCGA-DX-A7EQ	2	-1	-1	72	-1	1	1	2	-1	2	2	13	1	9	-1	1	6	-1	2	2	1	1	-1	1	2	-1	1	-1	1	1	1	7	-1	1	-1	1	2	-1	-1	8	-1	2	10	-1	-1	-1	2	2	-1	-1	1	2	2
TCGA-DX-A6B8	2	1	-1	80	-1	1	1	2	-1	2	1	6	1	6	-1	1	11	-1	2	2	1	1	-1	1	2	-1	1	-1	1	1	1	5	-1	1	-1	1	2	-1	-1	7	-1	3	5	6	-1	-1	2	2	2	-1	1	2	2
TCGA-WK-A8XS	2	1	-1	58	-1	1	2	2	-1	2	2	-1	2	13	-1	2	17	3	1	2	1	2	-1	2	1	1	-1	-1	1	1	2	5	-1	1	1	1	2	-1	-1	7	2	1	5	6	-1	-1	2	2	2	-1	2	2	1
TCGA-QQ-A8VF	2	3	-1	70	-1	1	2	-1	-1	2	2	-1	2	12	2	2	17	-1	2	2	1	2	-1	2	1	1	-1	-1	1	1	2	5	-1	1	2	1	2	-1	-1	7	-1	3	5	6	-1	-1	1	2	2	-1	1	-1	1
TCGA-QQ-A8VG	2	-1	-1	52	-1	2	2	-1	-1	2	2	11	2	14	-1	2	13	-1	2	2	1	1	-1	1	2	1	-1	-1	1	1	2	3	-1	1	2	1	2	1	2	4	-1	1	8	-1	-1	-1	1	2	-1	-1	1	2	1
TCGA-QQ-A8VD	2	-1	-1	56	-1	1	2	-1	-1	1	1	-1	2	7	-1	1	9	-1	2	2	1	1	-1	2	1	1	-1	-1	1	1	-1	2	-1	1	2	1	2	-1	-1	3	-1	1	1	-1	-1	-1	1	2	-1	-1	1	-1	2
TCGA-HB-A43Z	2	3	-1	58	-1	1	1	2	-1	-1	2	-1	1	18	-1	2	17	-1	1	1	1	1	-1	2	1	1	-1	-1	1	2	-1	5	-1	1	-1	1	1	-1	-1	7	-1	-1	5	6	-1	-1	2	2	1	-1	2	2	1
TCGA-QQ-A8VB	2	-1	-1	68	-1	2	2	-1	-1	2	2	-1	2	5	-1	1	13	-1	2	2	1	1	1	2	1	-1	-1	-1	1	1	2	3	-1	1	2	1	1	1	-1	4	-1	1	8	-1	-1	-1	1	2	-1	-1	2	-1	1
TCGA-QQ-A5V9	2	-1	-1	76	-1	1	2	2	-1	2	2	-1	2	3	-1	1	3	-1	1	2	1	1	-1	1	2	1	-1	-1	1	1	2	4	-1	1	-1	1	2	-1	-1	5	-1	1	9	-1	-1	-1	2	2	-1	-1	1	-1	2
TCGA-QQ-A8VH	2	-1	-1	31	-1	2	2	-1	-1	1	1	-1	1	16	-1	1	13	-1	2	2	1	1	1	1	2	1	-1	-1	1	1	2	3	-1	1	2	1	2	1	1	4	-1	1	8	-1	-1	-1	1	2	-1	-1	2	-1	2
TCGA-MB-A8JK	2	-1	-1	49	-1	1	2	2	-1	2	2	13	1	17	2	2	3	-1	2	1	1	2	2	2	1	1	-1	-1	1	2	2	4	-1	1	-1	1	2	2	-1	5	-1	2	2	-1	-1	2	1	2	-1	-1	1	2	1
TCGA-DX-A7EU	2	-1	-1	79	-1	1	2	1	-1	2	2	-1	2	17	-1	2	16	-1	2	1	1	2	-1	2	1	1	-1	-1	1	2	2	6	-1	1	-1	1	1	-1	-1	2	-1	1	7	-1	3	-1	2	2	-1	-1	2	2	1
TCGA-MB-A8JL	2	1	-1	53	-1	1	2	-1	-1	2	2	13	2	17	-1	2	17	-1	2	1	1	2	-1	2	1	-1	-1	-1	1	2	2	5	-1	1	2	1	2	-1	-1	7	-1	2	5	6	-1	-1	2	2	2	-1	2	1	1
TCGA-DX-AATS	2	-1	-1	72	-1	1	2	2	-1	2	1	13	2	13	-1	2	4	-1	2	2	1	-1	-1	1	2	1	-1	-1	1	1	2	4	-1	1	-1	1	2	-1	-1	5	-1	2	2	-1	-1	-1	3	2	-1	-1	1	2	1
TCGA-SG-A849	2	-1	-1	78	-1	1	2	-1	-1	2	1	6	1	17	-1	2	3	-1	2	1	1	2	-1	2	1	1	-1	-1	1	2	2	4	-1	1	-1	1	1	-1	-1	5	-1	3	9	-1	2	-1	3	2	-1	-1	1	1	2
TCGA-X9-A971	2	3	-1	52	-1	1	2	2	-1	2	2	13	2	17	-1	2	17	-1	2	2	1	1	2	2	1	1	-1	-1	1	1	2	5	-1	1	2	1	2	2	-1	7	-1	2	5	6	-1	2	2	2	2	-1	2	2	1
TCGA-DX-A8BN	2	-1	-1	78	-1	1	2	2	-1	2	1	-1	1	15	-1	2	3	-1	2	2	1	2	-1	2	1	1	-1	-1	1	1	2	4	-1	1	-1	1	2	-1	-1	5	-1	1	2	-1	-1	-1	3	2	-1	-1	2	2	1
TCGA-X9-A973	2	-1	-1	55	-1	1	2	2	-1	2	2	3	2	15	-1	1	3	-1	2	2	1	1	2	2	1	1	1	-1	1	1	1	4	-1	1	2	1	2	-1	-1	5	-1	3	9	-1	-1	-1	2	2	-1	-1	1	2	2
TCGA-FX-A3NK	2	-1	-1	53	-1	1	-1	1	-1	-1	2	-1	-1	15	2	-1	7	-1	1	1	1	2	-1	2	1	1	-1	-1	1	2	-1	1	-1	1	-1	1	1	-1	-1	6	-1	1	11	-1	4	-1	2	2	-1	-1	1	2	1
TCGA-FX-A3NJ	2	1	-1	54	-1	1	-1	2	-1	-1	2	-1	-1	15	-1	-1	17	-1	1	1	1	2	-1	2	1	1	-1	-1	1	2	-1	5	-1	1	-1	1	2	-1	-1	7	-1	1	5	6	-1	-1	2	2	2	-1	1	2	1
TCGA-DX-A23T	2	-1	-1	40	-1	1	-1	2	-1	-1	-1	-1	-1	9	-1	-1	7	-1	2	-1	1	1	-1	1	2	1	-1	-1	1	-1	-1	1	-1	1	-1	1	2	-1	-1	6	-1	-1	11	-1	-1	-1	3	2	-1	-1	2	2	2
TCGA-DX-A7EN	2	1	-1	53	-1	1	1	2	-1	2	1	1	2	18	-1	2	17	-1	2	1	1	1	-1	2	1	1	-1	-1	1	2	2	5	-1	1	-1	1	2	-1	-1	7	-1	2	5	6	-1	-1	2	2	2	-1	2	2	1
TCGA-JV-A5VF	2	3	-1	69	-1	1	2	1	-1	2	1	5	2	18	-1	2	17	3	1	1	2	-1	-1	1	2	1	2	10	1	2	1	5	-1	1	1	1	2	-1	-1	7	1	3	5	6	6	-1	4	2	1	-1	2	2	2
TCGA-DX-A3UE	2	1	-1	66	-1	1	2	2	-1	-1	-1	-1	1	10	-1	1	17	-1	2	2	1	1	-1	1	2	1	-1	-1	1	1	-1	5	-1	1	-1	1	2	-1	-1	7	-1	-1	5	6	-1	-1	2	2	2	-1	2	2	2
TCGA-X6-A7W8	2	-1	-1	89	-1	1	2	2	-1	2	1	6	1	15	-1	1	16	-1	2	2	1	1	-1	1	2	1	-1	-1	1	1	2	6	-1	1	-1	1	2	-1	-1	2	-1	3	7	-1	1	-1	3	2	-1	-1	1	2	2
TCGA-VT-AB3D	2	-1	-1	71	-1	1	2	2	-1	2	2	-1	1	17	-1	2	3	-1	2	1	1	2	-1	2	1	1	-1	-1	1	2	2	4	-1	1	-1	1	2	-1	-1	5	-1	1	9	-1	2	-1	2	2	-1	-1	1	2	1
TCGA-MJ-A68J	2	-1	-1	55	-1	1	2	2	-1	-1	1	-1	1	18	-1	1	16	-1	2	2	2	1	-1	2	1	1	-1	-1	1	1	-1	6	-1	1	-1	1	2	-1	-1	2	-1	-1	7	-1	-1	-1	3	2	-1	-1	2	2	2
TCGA-MJ-A68H	2	1	-1	57	-1	1	2	2	-1	2	2	3	2	17	-1	2	17	-1	2	2	2	2	-1	2	1	1	-1	-1	1	1	2	5	-1	1	-1	1	2	-1	-1	7	-1	3	5	6	-1	-1	2	2	2	-1	2	2	1
TCGA-Z4-A9VC	2	-1	-1	37	-1	1	2	2	-1	-1	2	-1	2	17	-1	2	7	-1	2	1	1	2	-1	2	1	1	-1	-1	1	2	-1	1	-1	1	-1	1	2	-1	-1	6	-1	-1	11	-1	-1	-1	2	2	-1	-1	1	2	1
TCGA-DX-AB37	2	-1	3	73	2	1	2	2	-1	2	2	-1	2	7	1	2	7	-1	2	2	1	-1	-1	1	2	1	-1	-1	1	1	2	1	-1	1	-1	1	1	-1	-1	6	-1	1	11	-1	-1	-1	2	2	-1	-1	2	2	-1
TCGA-IE-A6BZ	2	-1	-1	65	-1	1	1	2	-1	2	2	6	2	18	-1	2	3	-1	1	1	1	2	-1	2	1	1	-1	-1	1	2	2	4	-1	1	2	1	2	-1	-1	5	-1	3	9	-1	1	-1	2	2	-1	-1	2	2	1
TCGA-KD-A5QU	2	3	-1	41	-1	1	1	-1	-1	-1	2	-1	-1	16	-1	2	17	-1	1	2	1	1	-1	1	2	1	-1	-1	1	1	-1	5	-1	1	2	1	2	-1	-1	7	-1	3	5	-1	-1	-1	2	2	1	-1	2	-1	1
TCGA-FX-A3RE	2	3	-1	65	-1	1	-1	1	-1	2	-1	-1	-1	15	-1	2	17	-1	2	1	1	2	-1	2	1	1	-1	-1	1	2	2	5	-1	1	-1	1	2	-1	-1	7	-1	-1	5	-1	3	-1	1	2	2	-1	2	-1	-1
TCGA-DX-A6BK	2	-1	-1	85	-1	1	2	2	-1	2	1	-1	2	14	2	2	7	-1	2	2	1	-1	-1	1	2	-1	-1	-1	1	1	2	1	-1	1	-1	1	1	-1	-1	6	-1	2	11	-1	-1	-1	3	2	-1	-1	2	2	1
TCGA-FX-A2QS	2	-1	-1	61	-1	1	-1	2	-1	-1	2	18	-1	15	2	-1	7	6	1	1	1	2	-1	2	1	1	-1	-1	1	2	2	1	-1	1	2	1	2	-1	-1	6	-1	-1	11	-1	-1	-1	2	2	-1	-1	2	2	1
TCGA-KD-A5QT	2	1	-1	69	-1	1	-1	2	-1	-1	2	-1	-1	16	-1	2	17	-1	1	2	-1	2	-1	2	1	-1	-1	-1	1	1	-1	5	-1	1	-1	1	2	-1	-1	7	-1	-1	5	6	-1	-1	2	2	1	-1	2	-1	1
TCGA-IS-A3K8	2	2	-1	44	-1	1	-1	2	-1	-1	-1	-1	-1	6	-1	-1	8	-1	2	2	1	2	-1	2	1	-1	-1	-1	1	1	-1	5	-1	1	-1	1	1	-1	-1	7	-1	-1	5	6	-1	-1	2	2	1	-1	2	-1	1
TCGA-VT-A80G	2	-1	-1	66	-1	1	2	2	-1	2	2	1	1	17	-1	1	3	-1	2	1	1	1	-1	2	1	1	1	-1	1	2	1	4	-1	1	-1	1	2	-1	-1	5	-1	2	9	-1	2	-1	2	2	-1	-1	1	2	1
TCGA-DX-A6BB	2	1	-1	74	-1	1	2	2	-1	2	1	16	2	18	-1	2	17	-1	2	2	1	2	-1	2	1	1	-1	-1	1	1	2	5	-1	1	-1	1	2	-1	-1	7	-1	3	5	6	-1	-1	3	2	2	-1	1	2	2
TCGA-IS-A3K6	2	3	-1	55	-1	1	-1	1	-1	-1	-1	-1	-1	8	-1	-1	17	-1	2	2	1	-1	-1	1	2	-1	3	-1	1	1	1	5	-1	1	-1	1	1	-1	-1	7	-1	-1	5	6	-1	-1	4	2	1	-1	2	-1	2
TCGA-DX-A6BA	2	1	-1	53	-1	1	2	2	-1	1	2	16	2	13	-1	1	17	-1	2	2	1	1	-1	2	1	1	1	-1	1	1	1	5	-1	1	-1	1	2	-1	-1	7	-1	3	5	6	-1	-1	2	2	2	-1	2	2	2
TCGA-DX-A6BF	2	-1	-1	82	-1	1	2	1	-1	2	1	14	2	18	2	2	7	-1	2	2	1	1	-1	2	1	1	-1	-1	1	1	2	1	-1	1	-1	1	2	-1	-1	6	-1	3	11	-1	3	-1	3	2	-1	-1	2	2	1
TCGA-DX-A6BG	2	-1	-1	51	-1	1	2	1	-1	1	2	-1	2	18	2	1	7	-1	2	2	1	1	-1	2	1	1	-1	-1	1	1	2	1	-1	1	-1	1	2	-1	-1	6	-1	2	11	-1	4	-1	2	2	-1	-1	1	2	2
TCGA-DX-A6BE	2	-1	-1	77	-1	1	2	2	-1	2	2	11	2	15	2	2	7	-1	2	2	1	2	-1	2	1	1	-1	-1	1	1	2	1	-1	1	-1	1	2	-1	-1	6	-1	1	11	-1	-1	-1	2	2	-1	-1	1	2	1
TCGA-DX-A6YV	2	-1	-1	74	-1	1	2	2	-1	2	2	7	2	13	-1	1	16	-1	2	2	1	1	-1	1	2	1	2	7	1	1	1	6	-1	1	-1	1	2	-1	-1	2	-1	3	7	-1	-1	-1	2	2	-1	-1	1	2	2
TCGA-DX-A6YQ	2	-1	-1	86	-1	1	2	2	-1	2	2	14	2	15	-1	2	16	-1	2	2	-1	-1	-1	1	2	1	-1	-1	1	1	2	6	-1	1	-1	1	2	-1	-1	2	-1	3	7	-1	-1	-1	2	2	-1	-1	2	2	1
TCGA-QQ-A5VD	2	1	-1	52	-1	1	2	2	-1	2	2	-1	2	15	-1	2	17	-1	1	2	1	2	-1	2	1	1	-1	-1	1	1	2	5	-1	1	-1	1	2	-1	-1	7	-1	1	5	6	-1	-1	2	2	2	-1	1	1	1
TCGA-QQ-A5VC	2	1	-1	63	-1	1	2	2	-1	2	2	-1	2	15	-1	2	17	-1	1	2	1	2	-1	2	1	1	-1	-1	1	1	2	5	-1	1	-1	1	2	-1	-1	7	-1	1	5	6	-1	-1	2	2	2	-1	2	1	1
TCGA-DX-A6YR	2	-1	-1	75	-1	1	2	2	-1	2	2	-1	1	15	-1	2	16	-1	2	2	1	2	-1	2	1	1	-1	-1	1	1	2	6	-1	1	-1	1	2	-1	-1	2	-1	1	7	-1	-1	-1	2	2	-1	-1	1	2	1
TCGA-QQ-A5VA	2	-1	-1	60	-1	1	2	1	-1	2	2	-1	2	4	-1	2	7	-1	1	2	1	-1	-1	1	2	1	-1	-1	1	1	2	1	-1	1	-1	1	2	-1	-1	6	-1	1	11	-1	5	-1	1	2	-1	-1	2	-1	2
TCGA-DX-A8BO	2	-1	-1	67	-1	1	2	2	-1	1	1	16	2	15	-1	1	3	-1	2	2	1	1	-1	2	1	1	-1	-1	1	1	2	4	-1	1	-1	1	2	-1	-1	5	-1	3	2	-1	-1	-1	3	2	-1	-1	2	2	1
TCGA-X6-A8C5	2	1	-1	63	-1	1	2	2	-1	2	2	-1	2	15	-1	2	17	-1	2	2	2	2	-1	2	1	1	-1	-1	1	1	2	5	-1	1	-1	1	2	-1	-1	7	-1	2	5	6	1	-1	2	2	2	-1	2	2	1
TCGA-DX-A6YZ	2	-1	-1	59	-1	1	2	2	-1	2	2	1	1	10	-1	2	16	-1	2	2	1	2	-1	2	1	1	-1	-1	1	1	2	6	-1	1	-1	1	2	-1	-1	2	-1	2	7	-1	-1	-1	2	2	-1	-1	1	1	1
TCGA-IF-A3RQ	2	-1	2	70	-1	1	2	2	-1	1	2	13	2	5	1	1	7	6	2	2	1	1	-1	1	2	1	-1	-1	1	1	2	1	-1	1	2	1	2	-1	-1	6	-1	2	11	-1	-1	-1	2	2	-1	-1	2	2	2
TCGA-DX-A23R	2	-1	-1	55	-1	1	-1	2	-1	-1	-1	-1	-1	6	-1	-1	7	-1	2	-1	1	2	-1	2	1	1	-1	-1	1	-1	-1	1	-1	1	-1	1	2	-1	-1	6	-1	-1	11	-1	-1	-1	3	2	-1	-1	2	2	-1
TCGA-DX-A23U	2	-1	-1	81	-1	1	-1	1	-1	-1	-1	-1	-1	7	-1	-1	7	-1	2	-1	1	1	-1	1	2	1	-1	-1	1	-1	-1	1	-1	1	-1	1	2	-1	-1	6	-1	-1	11	-1	-1	-1	3	2	-1	-1	1	2	2
TCGA-X6-A8C7	2	-1	-1	24	-1	1	2	2	-1	2	2	11	1	17	-1	2	2	-1	2	2	1	2	-1	2	1	1	-1	-1	1	1	2	7	-1	1	-1	1	2	-1	-1	8	-1	1	4	-1	1	-1	2	2	-1	-1	2	2	1
TCGA-PC-A5DP	2	1	-1	72	-1	1	2	2	-1	-1	-1	-1	2	10	-1	2	17	-1	2	2	1	-1	-1	1	2	1	-1	-1	1	1	-1	5	-1	1	-1	1	1	-1	-1	7	-1	-1	5	-1	-1	-1	3	2	-1	-1	2	-1	2
TCGA-DX-A23V	2	-1	-1	57	-1	1	-1	1	-1	-1	-1	-1	-1	7	-1	-1	7	-1	2	-1	1	1	-1	1	2	1	-1	-1	1	-1	-1	1	-1	1	-1	1	2	-1	-1	6	-1	-1	11	-1	-1	-1	3	2	-1	-1	2	2	2
TCGA-DX-A23Y	2	-1	-1	80	-1	1	-1	1	-1	-1	-1	-1	-1	9	-1	-1	7	-1	2	-1	1	1	-1	1	2	1	-1	-1	1	-1	-1	1	-1	1	-1	1	2	-1	-1	6	-1	-1	11	-1	-1	-1	3	2	-1	-1	1	2	2
TCGA-DX-A6B7	2	1	-1	55	-1	1	1	2	-1	2	2	3	2	18	-1	2	17	-1	2	2	1	2	-1	2	1	1	-1	-1	1	1	2	5	-1	1	-1	1	2	-1	-1	7	-1	3	5	6	-1	-1	2	2	2	-1	1	2	1
TCGA-DX-A23Z	2	-1	-1	74	-1	1	-1	1	-1	-1	-1	-1	-1	9	-1	-1	7	-1	2	-1	1	1	-1	1	2	1	-1	-1	1	-1	-1	1	-1	1	-1	1	2	-1	-1	6	-1	-1	11	-1	-1	-1	3	2	-1	-1	1	2	2
TCGA-3B-A9I1	2	3	-1	56	-1	1	1	1	-1	2	2	1	2	18	-1	1	17	-1	2	2	2	1	-1	1	2	1	1	-1	1	1	1	5	-1	1	2	1	2	-1	-1	7	-1	3	5	6	4	-1	1	2	1	-1	2	-1	2
TCGA-3B-A9I0	2	1	-1	33	-1	1	1	2	-1	2	2	3	2	15	-1	1	17	-1	2	2	1	1	-1	2	1	1	4	-1	1	1	1	5	-1	1	2	1	2	-1	-1	7	-1	3	5	6	-1	-1	2	2	2	-1	1	-1	2
TCGA-3B-A9I3	2	1	-1	62	-1	1	2	2	-1	2	1	-1	2	18	-1	1	17	-1	2	2	1	1	-1	2	1	1	-1	-1	1	1	2	5	-1	1	2	1	2	-1	-1	7	-1	-1	5	6	-1	-1	3	2	2	-1	1	-1	1
TCGA-DX-AB30	2	-1	-1	53	-1	1	2	2	-1	2	2	-1	1	11	-1	1	16	-1	2	2	1	1	-1	1	2	1	1	-1	1	1	1	6	-1	1	-1	1	1	-1	-1	2	-1	1	7	-1	-1	-1	2	2	-1	-1	2	2	2
TCGA-DX-AB32	2	-1	-1	51	-1	1	2	2	-1	2	2	3	1	9	-1	2	16	-1	2	2	1	2	-1	2	1	-1	-1	-1	1	1	2	6	-1	1	-1	1	1	-1	-1	2	-1	3	7	-1	-1	-1	2	2	-1	-1	1	2	1
TCGA-DX-A1L3	2	-1	-1	60	-1	1	-1	2	-1	-1	-1	-1	-1	14	-1	-1	7	-1	2	-1	1	1	-1	1	2	1	-1	-1	1	-1	-1	1	-1	1	-1	1	2	-1	-1	6	-1	-1	11	-1	-1	-1	3	2	-1	-1	2	2	-1
TCGA-DX-A3UF	2	1	-1	65	-1	1	2	1	-1	-1	1	-1	2	10	-1	1	17	-1	2	2	1	1	-1	1	2	1	-1	-1	1	1	-1	5	-1	1	-1	1	2	-1	-1	7	-1	-1	5	1	4	-1	3	2	2	-1	2	2	2
TCGA-IW-A3M4	2	3	-1	48	-1	1	-1	2	-1	1	-1	-1	-1	12	-1	-1	17	-1	2	2	1	1	-1	2	1	1	-1	-1	1	1	2	5	-1	1	-1	1	2	-1	-1	7	-1	1	5	6	-1	-1	2	2	1	-1	2	2	2
TCGA-DX-A1L0	2	-1	-1	58	-1	1	-1	2	-1	-1	-1	-1	-1	13	-1	-1	7	-1	2	-1	1	1	-1	1	2	1	-1	-1	1	-1	-1	1	-1	1	-1	1	2	-1	-1	6	-1	-1	11	-1	-1	-1	3	2	-1	-1	1	2	-1
TCGA-DX-AB35	2	-1	1	65	1	1	2	1	-1	1	2	-1	2	18	1	1	7	-1	2	2	1	1	-1	2	1	1	-1	-1	1	1	2	1	-1	1	-1	1	1	-1	-1	6	-1	1	11	-1	-1	-1	2	2	-1	-1	1	2	2
TCGA-DX-A1L2	2	-1	-1	78	-1	1	-1	2	-1	-1	-1	-1	-1	13	-1	-1	7	-1	2	-1	1	1	-1	2	1	1	-1	-1	1	-1	-1	1	-1	1	-1	1	2	-1	-1	6	-1	-1	11	-1	-1	-1	2	2	-1	-1	1	2	-1
TCGA-DX-AB3A	2	-1	5	80	4	1	2	2	-1	1	2	-1	2	14	-1	1	7	-1	2	2	1	1	-1	1	2	1	1	-1	1	1	1	1	-1	1	-1	1	1	-1	-1	6	-1	1	11	-1	-1	-1	2	2	-1	-1	1	2	2
TCGA-DX-A8BT	2	-1	-1	63	-1	1	2	2	-1	1	1	-1	1	15	-1	1	14	-1	2	2	1	1	-1	2	1	1	-1	-1	1	1	2	4	-1	1	-1	1	2	-1	-1	5	-1	1	2	-1	-1	-1	3	2	-1	-1	2	2	1
TCGA-DX-AB3C	2	-1	-1	27	-1	1	1	2	-1	2	1	-1	1	13	-1	1	6	-1	2	2	1	1	-1	2	1	1	1	-1	1	1	1	7	-1	1	-1	1	2	-1	-1	8	-1	3	10	-1	-1	-1	2	2	-1	-1	1	2	1
TCGA-DX-AB3B	2	-1	-1	28	-1	1	1	2	-1	2	2	-1	2	14	-1	2	6	-1	2	2	1	2	-1	2	1	1	-1	-1	1	1	2	7	-1	1	-1	1	2	-1	-1	8	-1	1	10	-1	-1	-1	2	2	-1	-1	2	2	1
TCGA-DX-A1L1	2	-1	-1	60	-1	1	-1	1	-1	-1	-1	-1	-1	13	-1	-1	7	-1	2	-1	1	1	-1	1	2	1	-1	-1	1	-1	-1	1	-1	1	-1	1	2	-1	-1	6	-1	-1	11	-1	-1	-1	2	2	-1	-1	1	2	-1
TCGA-IW-A3M5	2	3	-1	76	-1	1	-1	1	-1	2	2	15	-1	16	2	-1	17	-1	2	2	1	1	-1	1	2	-1	1	-1	1	1	1	5	-1	1	2	1	2	-1	-1	7	-1	2	5	6	4	-1	2	2	1	-1	2	-1	2
TCGA-IE-A3OV	2	3	-1	42	-1	1	-1	2	-1	1	2	10	-1	11	-1	-1	17	6	1	2	1	1	-1	1	2	1	1	-1	1	1	1	5	-1	1	1	1	2	-1	-1	7	-1	2	5	6	-1	-1	2	2	2	-1	1	2	2
TCGA-HB-A3YV	2	-1	-1	75	-1	1	2	2	-1	2	1	-1	1	18	-1	-1	12	2	1	1	1	-1	-1	1	2	1	-1	-1	1	2	2	4	-1	1	1	1	2	-1	-1	5	-1	3	9	-1	-1	-1	3	2	-1	-1	1	2	2
TCGA-QC-AA9N	2	-1	-1	53	-1	1	2	2	-1	2	2	6	2	17	-1	2	3	-1	2	1	2	2	-1	2	1	1	-1	-1	1	2	2	4	-1	1	-1	1	2	-1	-1	5	-1	3	9	-1	-1	-1	1	2	-1	-1	2	1	1
TCGA-3B-A9HL	2	-1	-1	67	-1	1	1	2	-1	1	1	-1	2	15	2	1	7	-1	2	2	1	1	-1	1	2	1	1	-1	1	1	1	1	-1	1	2	1	2	-1	-1	6	-1	2	11	-1	-1	-1	3	2	-1	-1	1	-1	1
TCGA-DX-A2IZ	2	-1	-1	60	-1	1	-1	2	-1	-1	2	-1	-1	10	2	-1	7	-1	2	-1	1	2	-1	2	1	1	-1	-1	1	-1	-1	1	-1	1	-1	1	2	-1	-1	6	-1	-1	11	-1	-1	-1	2	2	-1	-1	1	2	1
TCGA-3B-A9HR	2	1	-1	38	-1	1	1	2	-1	2	2	16	1	10	-1	1	17	-1	2	2	2	1	-1	1	2	1	1	-1	1	1	1	5	-1	1	2	1	2	-1	-1	7	-1	3	5	6	-1	-1	2	2	2	-1	2	-1	2
TCGA-DX-A48P	2	1	-1	54	-1	1	2	2	-1	-1	2	-1	2	15	-1	2	17	-1	2	2	1	2	-1	2	1	1	-1	-1	1	1	-1	5	-1	1	-1	1	2	-1	-1	7	-1	-1	5	6	-1	-1	2	2	2	-1	2	2	1
TCGA-DX-AB2W	2	-1	-1	62	-1	1	2	2	-1	2	2	16	1	9	-1	2	14	-1	2	2	1	2	-1	2	1	1	-1	-1	1	1	2	4	-1	1	-1	1	1	-1	-1	5	-1	3	2	-1	-1	-1	2	2	-1	-1	2	2	1
TCGA-DX-A2J4	2	-1	-1	60	-1	1	-1	-1	-1	-1	-1	-1	-1	13	-1	-1	7	-1	2	-1	1	2	-1	2	1	1	-1	-1	1	-1	-1	1	-1	1	-1	1	2	-1	-1	6	-1	-1	11	-1	-1	-1	2	2	-1	-1	1	2	-1
TCGA-3B-A9HP	2	3	-1	57	-1	1	1	2	-1	2	1	14	1	10	-1	1	17	-1	2	2	1	1	-1	1	2	1	1	-1	1	1	1	5	-1	1	2	1	2	-1	-1	7	-1	3	5	6	-1	-1	3	2	2	-1	2	-1	2
TCGA-DX-A2J0	2	-1	-1	61	-1	1	-1	2	-1	-1	-1	-1	-1	12	-1	-1	7	-1	2	-1	1	1	-1	1	2	1	-1	-1	1	-1	-1	1	-1	1	-1	1	2	-1	-1	6	-1	-1	11	-1	-1	-1	3	2	-1	-1	1	2	2
TCGA-DX-A2J1	2	-1	-1	53	-1	1	-1	2	-1	-1	1	-1	-1	10	2	-1	7	-1	2	-1	1	2	-1	2	1	1	-1	-1	1	-1	-1	1	-1	1	-1	1	2	-1	-1	6	-1	-1	11	-1	-1	-1	3	2	-1	-1	1	2	1
TCGA-MJ-A850	2	-1	-1	28	-1	1	2	2	-1	-1	-1	1	1	17	-1	2	6	-1	2	2	1	2	-1	2	1	1	-1	-1	1	1	2	7	-1	1	2	1	2	-1	-1	8	-1	2	10	-1	-1	-1	1	2	-1	-1	1	2	-1
TCGA-DX-A6B9	2	1	-1	45	-1	1	2	2	-1	2	2	11	2	18	-1	2	17	-1	2	2	2	2	-1	2	1	1	-1	-1	1	1	2	5	-1	1	-1	1	2	-1	-1	7	-1	1	5	6	-1	-1	2	2	2	-1	2	2	1
TCGA-SI-A71O	2	-1	-1	29	-1	2	1	2	-1	2	1	-1	1	17	-1	1	13	-1	2	2	1	1	2	1	2	1	1	-1	1	1	1	3	-1	1	2	1	2	2	-1	4	-1	1	8	-1	-1	2	1	2	-1	-1	1	2	2
TCGA-X2-A95T	2	3	-1	49	-1	1	1	2	-1	2	2	8	2	14	-1	2	17	3	2	2	1	2	-1	2	1	-1	-1	-1	1	1	2	5	-1	1	2	1	2	-1	-1	7	5	3	5	6	-1	-1	2	2	1	-1	2	1	1
TCGA-N1-A6IA	2	3	-1	41	-1	1	2	1	-1	-1	-1	-1	2	15	-1	1	17	-1	2	2	2	1	-1	1	2	1	-1	-1	1	1	-1	5	-1	1	-1	1	2	-1	-1	7	-1	-1	5	6	-1	-1	1	2	1	-1	2	1	2
TCGA-IS-A3KA	2	3	-1	73	-1	1	-1	2	-1	1	-1	-1	-1	11	-1	-1	17	-1	2	2	1	1	-1	1	2	1	2	4	1	1	1	5	-1	1	-1	1	2	-1	-1	7	-1	-1	5	6	-1	-1	2	2	1	-1	2	-1	2
TCGA-DX-A3UB	2	1	-1	54	-1	1	2	2	-1	-1	2	-1	2	14	-1	2	17	-1	2	2	1	2	-1	2	1	-1	-1	-1	1	1	-1	5	-1	1	-1	1	2	-1	-1	7	-1	-1	5	6	-1	-1	2	2	2	-1	1	2	1
TCGA-WK-A8XQ	2	-1	-1	57	-1	1	2	2	-1	1	1	8	2	14	2	1	7	3	1	2	1	1	-1	1	2	-1	-1	-1	1	1	2	1	-1	1	1	1	2	-1	-1	6	6	3	11	-1	-1	-1	4	2	-1	-1	1	2	2
TCGA-X6-A8C3	2	-1	-1	59	-1	1	2	2	-1	2	1	6	1	17	-1	2	16	-1	2	2	3	2	-1	2	1	1	-1	-1	1	1	2	6	-1	1	-1	1	2	-1	-1	2	-1	3	7	-1	1	-1	3	2	-1	-1	2	2	1
TCGA-X6-A8C2	2	-1	-1	56	-1	1	2	2	-1	2	1	11	1	18	-1	1	3	-1	2	2	1	1	-1	2	1	1	-1	-1	1	1	2	4	-1	1	-1	1	2	-1	-1	5	-1	1	9	-1	1	-1	3	2	-1	-1	1	2	2
TCGA-SG-A6Z4	2	-1	-1	47	-1	1	2	2	-1	2	2	6	1	17	-1	1	3	-1	2	1	1	1	-1	2	1	1	1	-1	1	2	1	4	-1	1	-1	1	2	-1	-1	5	-1	3	2	-1	2	-1	3	2	-1	-1	1	2	2
TCGA-SI-A71P	2	-1	-1	50	-1	2	1	1	-1	2	-1	-1	1	18	-1	2	13	-1	2	2	1	2	1	2	1	1	-1	-1	1	1	2	3	-1	1	-1	1	2	1	2	4	-1	4	8	-1	7	2	1	2	-1	-1	1	2	-1
TCGA-DX-A3UD	2	1	-1	56	-1	1	2	1	-1	-1	2	-1	2	16	-1	1	17	-1	2	2	1	1	-1	2	1	1	-1	-1	1	1	-1	5	-1	1	-1	1	2	-1	-1	7	-1	-1	5	5	4	-1	2	2	2	-1	1	2	2
TCGA-SG-A6Z7	2	-1	-1	44	-1	1	2	-1	-1	2	-1	-1	2	11	2	2	7	-1	2	2	1	-1	-1	1	2	1	-1	-1	1	1	2	1	-1	1	-1	1	2	-1	-1	6	-1	1	11	-1	-1	-1	1	2	-1	-1	2	2	1
TCGA-WK-A8XX	2	1	-1	70	-1	1	2	2	-1	1	2	-1	2	10	2	1	17	6	1	2	1	1	-1	1	2	1	1	-1	1	1	1	5	-1	1	1	1	2	-1	-1	7	-1	2	5	5	-1	-1	2	2	2	-1	1	2	2
TCGA-WK-A8XY	2	1	-1	53	-1	1	2	1	-1	1	1	-1	2	10	-1	1	17	4	1	2	1	1	-1	1	2	1	2	8	1	1	1	5	-1	1	1	1	2	-1	-1	7	-1	4	5	6	-1	-1	3	2	2	-1	2	2	2
TCGA-WK-A8XZ	2	1	-1	56	-1	1	2	2	-1	1	2	1	1	10	-1	1	17	6	1	2	1	1	-1	1	2	-1	-1	-1	1	1	1	5	-1	1	2	1	2	-1	-1	7	-1	3	5	1	-1	-1	2	2	2	-1	2	2	2
TCGA-DX-AB2Q	2	-1	-1	65	-1	1	2	2	-1	2	2	13	1	14	-1	1	14	-1	2	2	1	1	-1	2	1	2	2	11	1	1	1	4	-1	1	-1	1	2	-1	-1	5	-1	2	2	-1	-1	-1	2	2	-1	-1	2	2	1
TCGA-FX-A3TO	2	-1	-1	87	-1	1	-1	2	-1	-1	1	-1	-1	18	-1	2	14	-1	1	1	1	2	-1	2	1	1	-1	-1	1	2	-1	4	-1	1	-1	1	2	-1	-1	5	-1	-1	9	-1	-1	-1	3	2	-1	-1	1	2	1
TCGA-DX-A3LU	2	-1	-1	60	-1	1	2	2	-1	-1	1	-1	2	10	2	1	7	-1	2	2	1	1	-1	2	1	1	-1	-1	1	1	-1	1	-1	1	-1	1	2	-1	-1	6	-1	-1	11	-1	-1	-1	3	2	-1	-1	1	2	2
TCGA-DX-A3LT	2	-1	-1	62	-1	1	2	2	-1	-1	2	-1	1	15	2	1	7	-1	2	2	1	1	-1	2	1	1	-1	-1	1	1	-1	1	-1	1	-1	1	2	-1	-1	6	-1	-1	11	-1	-1	-1	2	2	-1	-1	1	2	1
TCGA-DX-A3LW	2	-1	-1	43	-1	1	2	2	-1	-1	1	-1	2	11	2	1	7	-1	2	2	1	1	-1	2	1	1	-1	-1	1	1	-1	1	-1	1	-1	1	2	-1	-1	6	-1	-1	11	-1	-1	-1	3	2	-1	-1	1	2	1
TCGA-DX-A240	2	-1	-1	51	-1	1	-1	2	-1	-1	-1	-1	-1	9	-1	-1	7	-1	2	-1	1	2	-1	2	1	1	-1	-1	1	-1	-1	1	-1	1	-1	1	2	-1	-1	6	-1	-1	11	-1	-1	-1	2	2	-1	-1	1	1	1
TCGA-DX-A3LS	2	-1	-1	78	-1	1	2	1	-1	-1	-1	-1	2	15	2	1	7	-1	2	2	1	1	-1	1	2	1	-1	-1	1	1	-1	1	-1	1	-1	1	2	-1	-1	6	-1	-1	11	-1	-1	-1	3	2	-1	-1	2	2	2
TCGA-SI-AA8B	2	-1	-1	80	-1	1	2	2	-1	2	1	-1	2	17	-1	2	3	-1	2	2	1	-1	-1	1	2	1	-1	-1	1	1	2	4	-1	1	-1	1	2	-1	-1	5	-1	2	9	-1	-1	-1	3	2	-1	-1	2	2	2
TCGA-DX-A3LY	2	-1	-1	66	-1	1	2	2	-1	-1	2	-1	2	15	2	2	7	-1	2	2	1	2	-1	2	1	1	-1	-1	1	1	-1	1	-1	1	-1	1	2	-1	-1	6	-1	-1	11	-1	-1	-1	2	2	-1	-1	1	2	1
TCGA-X6-A7WD	2	1	-1	63	-1	1	2	2	-1	2	2	-1	2	17	-1	2	17	-1	2	2	1	1	-1	2	1	1	-1	-1	1	1	2	5	-1	1	-1	1	2	-1	-1	7	-1	3	5	6	1	-1	2	2	2	-1	2	2	1
TCGA-WK-A8XO	2	-1	-1	66	-1	1	2	1	-1	1	2	-1	2	16	2	1	7	4	1	2	1	1	-1	1	2	1	-1	-1	1	1	2	1	-1	1	1	1	2	-1	-1	6	-1	1	11	-1	3	-1	2	2	-1	-1	2	2	2
TCGA-IS-A3K7	2	3	-1	63	-1	1	-1	1	-1	2	-1	-1	-1	8	-1	-1	17	-1	2	2	1	1	-1	2	1	-1	1	-1	1	1	1	5	-1	1	-1	1	2	-1	-1	7	-1	-1	5	6	-1	-1	2	2	1	-1	2	-1	1
TCGA-DX-AB2Z	2	-1	-1	87	-1	1	2	2	-1	2	2	13	2	16	-1	2	14	-1	2	2	1	2	-1	2	1	1	-1	-1	1	1	2	4	-1	1	-1	1	2	-1	-1	5	-1	2	2	-1	-1	-1	2	2	-1	-1	2	2	1
TCGA-X6-A8C4	2	-1	-1	70	-1	1	2	2	-1	2	1	-1	1	17	-1	1	3	-1	2	2	1	1	-1	1	2	1	-1	-1	1	1	2	4	-1	1	-1	1	2	-1	-1	5	-1	3	9	-1	1	-1	3	2	-1	-1	2	2	2
TCGA-VT-A80J	1	-1	-1	49	-1	1	-1	-1	-1	2	2	2	2	18	-1	1	3	-1	2	1	1	1	-1	2	1	1	2	9	1	2	1	4	-1	1	-1	1	1	-1	-1	5	-1	3	9	-1	3	-1	2	1	-1	-1	2	2	1
TCGA-DX-A48O	2	1	-1	63	-1	1	2	2	-1	-1	2	-1	2	16	-1	2	17	-1	2	2	1	2	-1	2	1	1	-1	-1	1	1	-1	5	-1	1	-1	1	2	-1	-1	7	-1	-1	5	6	-1	-1	2	2	2	-1	2	2	1
TCGA-DX-A6Z2	2	1	-1	82	-1	1	2	2	-1	2	1	8	2	10	-1	2	17	-1	2	2	1	1	-1	2	1	1	-1	-1	1	1	2	5	-1	1	-1	1	2	-1	-1	7	-1	3	5	5	-1	-1	2	2	2	-1	2	2	1
TCGA-DX-A6Z0	2	-1	-1	78	-1	1	2	2	-1	2	1	-1	1	9	-1	2	16	-1	2	2	1	-1	-1	1	2	-1	-1	-1	1	1	2	6	-1	1	-1	1	2	-1	-1	2	-1	1	7	-1	-1	-1	3	2	-1	-1	2	2	1
TCGA-LI-A9QH	2	-1	-1	72	-1	1	2	2	-1	2	2	16	1	17	-1	2	3	-1	2	1	1	1	-1	1	2	1	-1	-1	1	2	2	4	-1	1	-1	1	1	-1	-1	5	-1	3	2	-1	-1	-1	4	2	-1	-1	2	2	1
TCGA-PT-A8TR	2	3	-1	57	-1	1	1	2	-1	2	1	11	2	17	-1	2	8	-1	2	1	1	2	-1	2	1	1	-1	-1	1	2	2	5	-1	1	-1	1	2	-1	-1	7	-1	1	5	-1	2	-1	3	2	1	-1	2	-1	1
TCGA-DX-A3M2	2	-1	-1	59	-1	1	2	2	-1	-1	1	-1	2	15	2	2	7	-1	2	2	1	2	-1	2	1	1	-1	-1	1	1	-1	1	-1	1	-1	1	1	-1	-1	6	-1	-1	11	-1	-1	-1	3	2	-1	-1	1	2	2
TCGA-WK-A8XT	2	-1	-1	40	-1	1	2	2	2	1	2	-1	2	13	-1	1	6	6	1	2	1	1	-1	1	2	1	1	-1	1	1	1	7	-1	1	-1	1	1	-1	-1	8	-1	1	10	-1	-1	-1	2	2	-1	-1	2	2	2
TCGA-DX-A3M1	2	-1	-1	79	-1	1	2	1	-1	-1	1	-1	2	16	2	2	7	-1	2	2	1	1	-1	2	1	1	-1	-1	1	1	-1	1	-1	1	-1	1	2	-1	-1	6	-1	-1	11	-1	4	-1	4	2	-1	-1	1	2	2
TCGA-FX-A8OO	2	-1	-1	31	-1	1	1	2	2	2	2	1	2	17	-1	2	1	-1	1	1	1	-1	-1	1	2	1	-1	-1	1	2	2	7	-1	1	-1	1	2	-1	-1	8	-1	3	6	-1	-1	-1	2	2	-1	-1	2	2	1
TCGA-K1-A42X	1	1	-1	62	-1	1	1	-1	-1	-1	2	-1	2	7	-1	1	17	-1	2	1	1	1	-1	2	1	-1	-1	-1	1	2	-1	5	-1	1	-1	1	2	-1	-1	7	-1	-1	5	6	-1	-1	2	1	1	-1	2	-1	1
TCGA-DX-A7ET	2	-1	-1	71	-1	1	2	2	-1	2	2	1	2	17	-1	2	3	-1	2	1	2	2	-1	2	1	1	-1	-1	1	2	2	4	-1	1	-1	1	1	-1	-1	5	-1	2	2	-1	-1	-1	2	2	-1	-1	1	2	1
TCGA-K1-A42W	2	1	-1	65	-1	1	2	-1	-1	-1	2	-1	2	14	-1	1	17	-1	2	1	1	1	-1	2	1	1	-1	-1	1	2	-1	5	-1	1	-1	1	2	-1	-1	7	-1	-1	5	6	-1	-1	2	2	2	-1	2	-1	2
TCGA-DX-A7ER	2	-1	-1	69	-1	1	2	2	-1	2	2	18	2	13	-1	2	6	-1	2	2	1	-1	-1	1	2	-1	-1	-1	1	1	2	7	-1	1	-1	1	2	-1	-1	8	-1	3	10	-1	-1	-1	2	2	-1	-1	1	2	1
TCGA-DX-A7ES	2	-1	-1	50	-1	1	2	1	-1	2	1	-1	2	17	2	2	7	-1	2	2	1	2	-1	2	1	1	-1	-1	1	1	2	1	-1	1	-1	1	2	-1	-1	6	-1	1	11	-1	-1	-1	2	2	-1	-1	2	2	1
TCGA-FX-A48G	2	1	-1	56	-1	1	-1	1	-1	2	-1	-1	-1	15	-1	2	17	3	1	1	1	1	-1	1	2	1	-1	-1	1	2	-1	5	-1	1	2	1	2	-1	-1	7	7	1	5	6	4	-1	1	2	1	-1	2	2	1
TCGA-Z4-A8JB	2	-1	-1	24	-1	1	2	2	-1	-1	2	-1	2	17	-1	2	5	-1	2	1	1	2	-1	2	1	1	-1	-1	1	2	-1	2	-1	1	-1	1	2	-1	-1	3	-1	-1	1	-1	-1	-1	2	2	-1	-1	2	2	1
TCGA-DX-A7EO	2	-1	-1	20	-1	1	2	2	1	2	2	-1	1	6	-1	2	2	-1	2	2	1	2	-1	2	1	2	-1	-1	1	1	2	7	1	1	-1	1	2	-1	-1	8	-1	1	4	-1	-1	-1	2	2	-1	-1	2	2	1
TCGA-DX-A7EL	2	1	-1	56	-1	1	2	2	-1	2	1	-1	2	10	-1	1	17	-1	2	2	1	1	-1	2	1	1	1	-1	1	1	1	5	-1	1	-1	1	1	-1	-1	7	-1	1	5	1	-1	-1	2	2	2	-1	2	2	1
TCGA-DX-A7EM	2	1	-1	61	-1	1	2	2	-1	2	1	-1	2	16	-1	2	17	-1	2	2	1	2	-1	2	1	1	-1	-1	1	1	2	5	-1	1	-1	1	2	-1	-1	7	-1	1	5	6	-1	-1	2	2	2	-1	1	2	1
TCGA-FX-A76Y	2	1	-1	49	-1	1	2	2	-1	2	2	-1	2	17	-1	2	17	-1	2	1	1	2	-1	2	1	1	-1	-1	1	2	2	5	-1	1	-1	1	2	-1	-1	7	-1	2	5	6	-1	-1	2	2	1	-1	2	2	1
TCGA-DX-A7EI	2	-1	-1	78	-1	1	1	1	-1	1	1	-1	2	7	2	1	7	-1	2	2	1	1	-1	1	2	-1	-1	-1	1	1	2	1	-1	1	-1	1	2	-1	-1	6	-1	1	11	-1	3	-1	3	2	-1	-1	2	2	2
TCGA-DX-A7EF	2	-1	-1	88	-1	1	2	2	-1	1	1	1	1	12	-1	1	3	-1	2	2	1	1	-1	1	2	1	1	-1	1	1	1	4	-1	1	-1	1	2	-1	-1	5	-1	3	2	-1	-1	-1	2	2	-1	-1	2	2	2
TCGA-DX-A3U8	2	1	-1	43	-1	1	2	1	-1	-1	-1	-1	2	16	-1	1	17	-1	2	2	-1	1	-1	1	2	-1	-1	-1	1	1	-1	5	-1	1	-1	1	2	-1	-1	7	-1	-1	5	6	-1	-1	2	2	2	-1	1	2	2
TCGA-DX-A48V	2	1	-1	78	-1	1	2	2	-1	-1	2	-1	2	16	-1	2	17	-1	2	2	1	1	-1	2	1	1	-1	-1	1	1	-1	5	-1	1	-1	1	2	-1	-1	7	-1	-1	5	1	-1	-1	2	2	2	-1	1	2	1
TCGA-DX-A8BU	2	-1	-1	58	-1	1	1	2	-1	2	1	6	1	9	-1	1	14	-1	2	2	1	1	-1	1	2	-1	1	-1	1	1	1	4	-1	1	-1	1	2	-1	-1	5	-1	3	2	-1	-1	-1	3	2	-1	-1	1	2	2
TCGA-DX-A8BV	2	-1	-1	57	-1	1	1	2	-1	1	2	-1	1	11	-1	1	16	-1	2	2	1	1	-1	1	2	1	4	-1	1	1	1	6	-1	1	-1	1	2	-1	-1	2	-1	4	7	-1	-1	-1	2	2	-1	-1	1	2	2
TCGA-DX-A48U	2	1	-1	57	-1	1	2	2	-1	-1	2	-1	2	12	-1	2	17	-1	2	2	1	2	-1	2	1	-1	-1	-1	1	1	-1	5	-1	1	-1	1	2	-1	-1	7	-1	-1	5	6	-1	-1	2	2	2	-1	1	2	1
TCGA-DX-A48R	2	1	-1	41	-1	1	2	2	-1	-1	1	-1	2	6	-1	1	17	-1	2	2	1	1	-1	2	1	-1	-1	-1	1	1	-1	5	-1	1	-1	1	2	-1	-1	7	-1	-1	5	2	-1	-1	3	2	2	-1	1	2	2
TCGA-DX-A8BQ	2	-1	-1	63	-1	1	2	2	-1	2	2	6	1	16	-1	2	14	-1	2	2	1	2	-1	2	1	1	-1	-1	1	1	2	4	-1	1	-1	1	2	-1	-1	5	-1	3	2	-1	-1	-1	2	2	-1	-1	1	1	1
TCGA-DX-A8BR	2	-1	-1	63	-1	1	2	2	-1	2	2	-1	1	6	-1	2	14	-1	2	2	1	2	-1	2	1	1	-1	-1	1	1	2	4	-1	1	-1	1	2	-1	-1	5	-1	1	2	-1	-1	-1	2	2	-1	-1	2	2	1
TCGA-DX-A8BS	2	-1	-1	68	-1	1	2	2	-1	2	1	6	1	9	-1	2	3	-1	2	2	2	-1	-1	1	2	1	-1	-1	1	1	2	4	-1	1	-1	1	2	-1	-1	5	-1	3	2	-1	-1	-1	2	2	-1	-1	2	2	1
TCGA-DX-A48J	2	1	-1	44	-1	1	2	-1	-1	-1	-1	-1	2	7	-1	1	17	-1	2	2	2	1	-1	1	2	1	-1	-1	1	1	-1	5	-1	1	-1	1	2	-1	-1	7	-1	-1	5	6	-1	-1	2	2	2	-1	1	2	2
TCGA-DX-A8BX	2	-1	-1	52	-1	1	2	2	-1	1	2	8	2	9	-1	1	3	-1	2	2	1	-1	-1	1	2	2	1	-1	1	1	1	4	-1	1	-1	1	2	-1	-1	5	-1	4	2	-1	-1	-1	2	2	-1	-1	1	2	2
TCGA-DX-A8BZ	2	3	-1	78	-1	1	2	2	-1	2	1	-1	2	17	-1	1	17	-1	2	1	2	1	-1	1	2	1	1	-1	1	2	1	5	-1	1	-1	1	2	-1	-1	7	-1	1	5	6	-1	-1	2	2	2	-1	2	2	2
TCGA-DX-A48N	2	-1	-1	47	-1	1	2	1	-1	-1	1	-1	2	18	2	2	7	-1	2	2	1	2	-1	2	1	1	-1	-1	1	1	-1	1	-1	1	-1	1	2	-1	-1	6	-1	-1	11	-1	4	-1	3	2	-1	-1	1	2	1
TCGA-DX-A8BG	2	-1	-1	83	-1	1	2	2	-1	2	2	6	1	17	-1	1	16	-1	2	1	1	1	-1	2	1	1	1	-1	1	2	1	6	-1	1	-1	1	1	-1	-1	2	-1	3	7	-1	-1	-1	2	2	-1	-1	2	2	1
TCGA-DX-A3U6	2	-1	-1	63	-1	1	2	2	-1	-1	2	-1	2	15	2	1	7	-1	2	2	1	1	-1	1	2	1	-1	-1	1	1	-1	1	-1	1	-1	1	2	-1	-1	6	-1	-1	11	-1	-1	-1	2	2	-1	-1	2	2	2
TCGA-DX-A3U7	2	1	-1	67	-1	1	2	2	-1	-1	2	-1	2	14	-1	1	17	-1	2	2	1	1	-1	1	2	1	-1	-1	1	1	-1	5	-1	1	-1	1	2	-1	-1	7	-1	-1	5	6	-1	-1	2	2	2	-1	1	1	2
TCGA-DX-A3U5	2	-1	-1	52	-1	1	2	2	-1	-1	1	-1	2	15	2	2	7	-1	2	2	1	2	-1	2	1	1	-1	-1	1	1	-1	1	-1	1	-1	1	2	-1	-1	6	-1	-1	11	-1	-1	-1	3	2	-1	-1	1	2	1
TCGA-DX-A8BL	2	-1	-1	59	-1	1	2	2	-1	2	2	13	2	15	-1	2	3	-1	2	2	1	2	-1	2	1	1	-1	-1	1	1	2	4	-1	1	-1	1	2	-1	-1	5	-1	2	2	-1	-1	-1	2	2	-1	-1	1	2	1
TCGA-DX-A8BM	2	-1	-1	60	-1	1	2	2	-1	2	2	9	1	15	-1	2	3	-1	2	2	1	2	-1	2	1	1	-1	-1	1	1	2	4	-1	1	-1	1	2	-1	-1	5	-1	4	2	-1	-1	-1	2	2	-1	-1	1	2	1
TCGA-DX-A48L	2	1	-1	49	-1	1	2	2	-1	-1	-1	-1	1	16	-1	1	17	-1	2	2	1	1	-1	1	2	1	-1	-1	1	1	-1	5	-1	1	-1	1	2	-1	-1	7	-1	-1	5	6	-1	-1	2	2	2	-1	2	2	2
TCGA-DX-A3U9	2	1	-1	84	-1	1	2	-1	-1	-1	-1	-1	2	12	-1	1	17	-1	2	2	1	1	-1	1	2	1	-1	-1	1	1	-1	5	-1	1	-1	1	2	-1	-1	7	-1	-1	5	6	-1	-1	3	2	2	-1	1	2	2
TCGA-DX-A8BH	2	-1	-1	86	-1	1	2	2	-1	2	1	1	2	17	-1	2	3	-1	2	1	1	1	-1	1	2	1	-1	-1	1	2	2	4	-1	1	-1	1	1	-1	-1	5	-1	2	2	-1	-1	-1	2	2	-1	-1	1	2	1
TCGA-DX-A48K	2	1	-1	65	-1	1	2	2	-1	-1	2	-1	2	15	-1	2	17	-1	2	2	1	2	-1	2	1	1	-1	-1	1	1	-1	5	-1	1	-1	1	2	-1	-1	7	-1	-1	5	6	-1	-1	2	2	2	-1	1	2	1
TCGA-DX-A8BJ	2	-1	-1	76	-1	1	2	1	-1	2	2	-1	1	15	-1	2	14	-1	2	2	1	-1	-1	1	2	1	-1	-1	1	1	2	4	-1	1	-1	1	2	-1	-1	5	-1	1	2	-1	5	-1	2	2	-1	-1	1	2	1
TCGA-DX-A8BK	2	-1	-1	61	-1	1	2	2	-1	2	2	12	1	14	-1	2	3	-1	2	2	1	2	-1	2	1	1	-1	-1	1	1	2	4	-1	1	-1	1	2	-1	-1	5	-1	4	2	-1	-1	-1	2	2	-1	-1	2	2	1
