	SAMPLE_TYPE_ID	HISTOLOGICAL_SUBTYPE	LATERALITY	AGE	PHARMACEUTICAL_TX_ADJUVANT	VIAL_NUMBER	EXTRATHYROIDAL_EXTENSION	AJCC_PATHOLOGIC_TUMOR_STAGE	RADIATION_TREATMENT_ADJUVANT	METASTATIC_DX_CONFIRMED_BY_OTHER	NEW_TUMOR_EVENT_AFTER_INITIAL_TREATMENT	ICD_O_3_HISTOLOGY	DAYS_TO_INITIAL_PATHOLOGIC_DIAGNOSIS	AJCC_STAGING_EDITION	OCT_EMBEDDED	PROSPECTIVE_COLLECTION	RACE	DFS_STATUS	VITAL_STATUS	METASTATIC_DX_CONFIRMED_BY	OS_STATUS	ETHNICITY	AJCC_TUMOR_PATHOLOGIC_PT	RETROSPECTIVE_COLLECTION	ONCOTREE_CODE	HISTORY_NEOADJUVANT_TRTYN	INFORMED_CONSENT_VERIFIED	ICD_O_3_SITE	BRAF_MUTATION	TUMOR_TISSUE_SITE	CANCER_TYPE_DETAILED	AJCC_NODES_PATHOLOGIC_PN	HISTORY_OTHER_MALIGNANCY	HISTOLOGICAL_DIAGNOSIS	AJCC_METASTASIS_PATHOLOGIC_PM	TUMOR_STATUS	RESIDUAL_TUMOR	SAMPLE_TYPE	LYMPH_NODES_EXAMINED	CLINICAL_STATUS_WITHIN_3_MTHS_SURGERY	ICD_10	GENDER	DAYS_TO_DEATH
TCGA-EL-A3MZ	1	-1	1	66	2	1	2	3	1	-1	2	1	1	3	2	2	1	-1	1	-1	2	1	3	1	1	2	1	1	-1	1	2	5	2	1	3	1	1	1	1	-1	1	1	8
TCGA-EL-A3MY	1	-1	1	81	2	1	2	4	1	-1	2	1	1	2	2	2	1	-1	1	4	2	1	3	1	1	2	1	1	-1	1	2	1	1	1	1	2	1	1	2	-1	1	1	6
TCGA-EL-A3MX	1	-1	1	66	2	1	1	4	1	-1	1	1	1	2	2	2	1	1	1	3	2	1	3	1	1	2	1	1	-1	1	2	5	2	1	1	2	1	1	1	-1	1	2	13
TCGA-EL-A3MW	1	-1	2	55	2	1	1	2	1	-1	2	1	1	2	2	2	1	2	2	-1	1	1	4	1	1	2	1	1	-1	1	2	4	2	1	2	1	2	1	1	-1	1	2	-1
TCGA-EL-A3D4	1	-1	3	62	2	1	4	4	1	-1	2	1	1	2	1	2	2	2	2	-1	1	1	5	1	1	2	1	1	-1	1	2	2	2	1	2	1	2	1	1	-1	1	1	-1
TCGA-EL-A3D5	1	-1	3	44	2	1	4	1	1	-1	2	1	1	1	1	2	1	2	2	-1	1	1	5	1	1	2	1	1	-1	1	2	2	1	1	2	1	3	1	1	-1	1	2	-1
TCGA-EL-A3D6	1	-1	1	51	2	1	4	3	1	-1	2	1	1	3	1	2	1	2	2	-1	1	2	5	1	1	2	1	1	-1	1	2	2	2	1	2	-1	3	1	1	-1	1	2	-1
TCGA-EL-A3D0	1	-1	1	61	2	1	2	3	1	1	2	1	1	3	1	2	1	2	2	4	1	1	3	1	1	2	1	1	-1	1	2	2	1	1	2	2	4	1	1	-1	1	1	-1
TCGA-EL-A3D1	1	-1	1	39	2	1	1	1	1	-1	2	1	1	2	1	2	3	2	2	-1	1	1	4	1	1	2	1	1	-1	1	2	4	2	1	2	1	2	1	1	-1	1	1	-1
TCGA-FY-A4B4	1	-1	2	62	-1	1	1	3	-1	-1	2	1	1	1	2	1	1	2	2	-1	1	1	2	2	1	2	1	1	-1	1	2	3	2	1	3	2	3	1	1	-1	1	2	-1
TCGA-FY-A4B0	1	-1	3	76	-1	1	1	1	-1	-1	2	2	1	1	2	1	1	2	2	-1	1	1	8	2	1	2	1	1	-1	1	2	1	2	1	3	2	3	1	2	-1	1	1	-1
TCGA-FY-A4B3	1	-1	4	51	-1	1	4	3	-1	-1	2	1	1	1	2	1	1	2	2	-1	1	2	5	2	1	2	1	1	-1	1	2	3	2	1	3	2	3	1	1	-1	1	1	-1
TCGA-FE-A236	1	-1	1	33	-1	1	1	1	-1	-1	-1	1	1	2	1	2	1	2	2	-1	1	1	4	1	1	2	1	1	-1	1	2	5	2	1	3	1	2	1	1	-1	1	1	-1
TCGA-GE-A2C6	1	-1	2	33	-1	1	1	1	-1	-1	-1	1	1	1	2	1	1	2	2	-1	1	1	4	2	1	2	1	1	-1	1	2	2	2	1	3	1	1	1	1	-1	1	2	-1
TCGA-FY-A3WA	1	-1	2	52	-1	1	1	1	-1	-1	2	2	1	1	2	1	1	2	2	-1	1	1	8	2	3	2	1	1	-1	1	1	1	2	2	3	1	2	1	2	-1	1	2	-1
TCGA-EM-A3SU	2	-1	2	43	2	1	1	1	1	-1	2	1	1	1	2	2	-1	2	2	-1	1	-1	4	1	1	2	1	1	-1	1	2	2	2	1	3	1	2	2	1	-1	1	2	-1
TCGA-EM-A3SZ	1	-1	2	42	2	1	1	1	2	-1	2	1	1	1	2	2	-1	2	2	-1	1	-1	4	1	1	2	1	1	-1	1	2	4	2	1	3	1	2	1	1	-1	1	2	-1
TCGA-FY-A2QD	1	-1	1	61	-1	1	1	-1	-1	-1	-1	1	1	1	2	1	2	2	2	-1	1	1	6	2	1	2	1	1	-1	1	2	4	2	1	-1	1	-1	1	1	-1	1	2	-1
TCGA-IM-A3ED	1	-1	1	58	-1	1	1	1	-1	-1	-1	1	1	2	1	2	1	2	2	-1	1	2	6	1	1	2	1	1	-1	1	2	4	2	1	3	1	2	1	1	-1	1	2	-1
TCGA-EL-A4K6	1	-1	2	75	2	1	4	4	1	-1	2	1	1	1	2	2	1	1	2	-1	1	1	3	1	1	2	1	1	-1	1	2	5	2	1	3	1	2	1	1	-1	1	1	-1
TCGA-H2-A26U	1	-1	3	54	-1	1	4	3	-1	-1	-1	1	1	1	2	1	1	2	2	-1	1	1	5	2	1	2	1	1	-1	1	2	4	2	1	3	1	-1	1	1	-1	1	2	-1
TCGA-DJ-A3VK	1	-1	2	63	2	1	4	3	2	-1	2	2	1	1	1	2	1	2	2	-1	1	1	5	1	3	2	1	1	-1	1	1	4	1	2	2	-1	2	1	1	1	1	1	-1
TCGA-FY-A3NM	1	-1	3	48	-1	1	4	3	-1	-1	-1	1	1	1	2	1	1	2	2	-1	1	1	5	2	1	2	1	1	-1	1	2	4	2	1	3	1	2	1	1	-1	1	2	-1
TCGA-FE-A22Z	1	-1	1	61	-1	1	2	4	-1	-1	-1	2	1	2	2	2	1	1	2	-1	1	1	7	1	3	2	1	1	-1	1	1	5	2	2	3	1	2	1	1	-1	1	2	-1
TCGA-FE-A3PD	1	-1	1	17	-1	1	1	1	-1	-1	-1	2	1	2	1	2	1	2	2	-1	1	1	4	1	3	2	1	1	-1	1	1	4	2	2	3	1	2	1	1	-1	1	2	-1
TCGA-ET-A3DO	1	-1	2	33	-1	1	1	1	-1	-1	-1	1	1	2	1	2	1	1	2	-1	1	1	4	1	1	2	1	1	-1	1	2	1	2	1	3	1	2	1	2	-1	1	2	-1
TCGA-FE-A3PA	1	-1	1	16	-1	1	4	2	-1	-1	-1	2	1	3	1	2	1	2	2	1	1	1	3	1	3	2	1	1	-1	1	1	4	2	2	1	2	4	1	2	-1	1	1	-1
TCGA-FE-A3PB	1	-1	2	33	-1	1	4	1	-1	-1	-1	1	1	2	1	2	1	2	2	-1	1	1	5	1	1	2	1	1	-1	1	2	3	2	1	3	1	2	1	1	-1	1	2	-1
TCGA-FE-A3PC	1	-1	1	37	-1	1	1	1	-1	-1	-1	1	1	2	1	2	1	2	2	-1	1	1	5	1	1	2	1	1	-1	1	2	5	2	1	3	1	2	1	1	-1	1	2	-1
TCGA-EM-A3AL	1	-1	2	45	-1	1	1	1	-1	-1	-1	2	1	1	2	2	-1	2	2	-1	1	-1	2	1	3	2	1	1	-1	1	1	4	2	2	3	1	2	1	1	-1	1	2	-1
TCGA-EM-A3AN	1	-1	2	36	-1	1	1	1	-1	-1	-1	1	1	1	2	2	-1	2	2	-1	1	-1	2	1	1	2	1	1	-1	1	2	2	2	1	3	1	3	1	1	-1	1	2	-1
TCGA-EM-A3AO	1	-1	2	61	-1	1	1	4	-1	-1	-1	1	1	1	2	2	-1	2	2	-1	1	-1	4	1	1	2	1	1	-1	1	2	2	2	1	3	1	2	1	1	-1	1	1	-1
TCGA-ET-A40S	1	-1	1	62	2	1	1	2	1	-1	2	1	1	1	1	2	1	2	2	-1	1	1	4	1	1	2	1	1	-1	1	2	4	2	1	3	1	1	1	1	1	1	1	-1
TCGA-ET-A40R	1	-1	1	24	2	1	1	1	1	-1	2	2	1	1	1	2	1	2	2	-1	1	1	4	1	3	2	1	1	-1	1	1	3	2	2	3	1	1	1	1	1	1	2	-1
TCGA-ET-A40Q	1	-1	2	38	2	1	4	1	1	-1	1	5	1	1	1	2	1	1	2	2	1	1	5	1	1	2	1	1	-1	1	2	2	2	4	3	1	2	1	1	3	1	1	-1
TCGA-ET-A40P	1	-1	2	32	2	1	1	1	1	-1	2	2	1	1	1	2	1	2	2	-1	1	1	4	1	3	2	1	1	-1	1	1	4	2	2	3	1	2	1	1	-1	1	2	-1
TCGA-EM-A3AP	1	-1	1	31	-1	1	1	1	-1	-1	-1	2	1	1	2	2	-1	2	2	-1	1	-1	4	1	3	2	1	1	-1	1	1	1	2	2	3	1	2	1	2	-1	1	2	-1
TCGA-EM-A3AQ	1	-1	1	85	-1	1	1	1	-1	-1	-1	1	1	1	2	2	-1	2	2	-1	1	-1	2	1	1	2	1	1	-1	1	2	4	1	1	3	1	2	1	1	-1	1	2	-1
TCGA-EM-A3AR	1	-1	1	41	-1	1	1	1	-1	-1	-1	1	1	1	2	2	-1	2	2	-1	1	-1	2	1	1	2	1	1	-1	1	2	3	2	1	3	1	2	1	1	-1	1	1	-1
TCGA-ET-A3DT	1	-1	1	23	-1	1	1	1	-1	-1	-1	1	1	1	1	2	1	2	2	-1	1	1	4	1	1	2	1	1	-1	1	2	3	2	1	3	1	2	1	1	-1	1	2	-1
TCGA-ET-A3DU	1	-1	1	21	-1	1	1	1	-1	-1	-1	1	1	2	1	2	1	2	2	-1	1	1	6	1	1	2	1	1	-1	1	2	3	2	1	3	2	3	1	1	-1	1	2	-1
TCGA-ET-A3DV	1	-1	2	68	-1	1	4	2	-1	-1	-1	2	1	3	1	2	1	2	2	-1	1	1	5	1	3	2	1	1	-1	1	1	4	2	2	3	1	2	1	1	-1	1	2	-1
TCGA-ET-A3DW	1	-1	2	64	-1	1	1	3	-1	-1	-1	5	1	2	1	2	3	2	2	-1	1	1	4	1	1	2	1	1	-1	1	2	5	2	4	3	1	2	1	1	-1	1	1	-1
TCGA-ET-A3DP	1	-1	1	43	-1	1	1	1	-1	-1	-1	1	1	2	1	2	2	2	2	-1	1	1	4	1	1	2	1	1	-1	1	2	1	2	1	3	1	2	1	2	-1	1	2	-1
TCGA-ET-A3DQ	1	-1	2	43	-1	1	1	1	-1	-1	-1	2	1	2	1	2	1	2	2	-1	1	1	6	1	3	2	1	1	-1	1	1	4	2	2	3	1	2	1	1	-1	1	2	-1
TCGA-ET-A3DR	1	-1	1	42	-1	1	1	1	-1	-1	-1	1	1	2	1	2	1	2	2	-1	1	1	6	1	1	2	1	1	-1	1	2	3	2	1	3	1	2	1	1	-1	1	2	-1
TCGA-ET-A3DS	1	-1	2	33	-1	1	1	1	-1	-1	-1	1	1	2	1	2	1	2	2	-1	1	1	6	1	1	2	1	1	-1	1	2	4	2	1	3	1	2	1	1	-1	1	2	-1
TCGA-BJ-A0YZ	1	-1	2	65	-1	1	1	2	-1	-1	-1	1	1	2	1	2	1	2	2	-1	1	1	4	1	1	2	1	1	-1	1	2	4	2	1	2	1	2	1	-1	-1	1	1	-1
TCGA-EM-A3FQ	2	-1	2	19	-1	1	1	1	-1	-1	-1	1	1	1	2	2	-1	2	2	-1	1	-1	5	1	1	2	1	1	-1	1	2	2	2	1	3	2	2	2	1	-1	1	2	-1
TCGA-EM-A3FP	1	-1	2	71	-1	1	1	2	-1	-1	-1	2	1	1	2	2	-1	2	2	-1	1	-1	4	1	3	2	1	1	-1	1	1	4	2	2	3	1	2	1	1	-1	1	2	-1
TCGA-EM-A3FR	1	-1	1	55	-1	1	1	3	-1	-1	-1	1	1	1	2	2	-1	2	2	-1	1	-1	4	1	1	2	1	1	-1	1	2	3	2	1	3	1	2	1	1	-1	1	2	-1
TCGA-DJ-A1QQ	1	-1	3	43	-1	1	4	1	-1	-1	-1	1	1	1	1	2	3	2	2	-1	1	1	5	1	1	2	1	1	-1	1	2	4	2	1	2	1	2	1	2	-1	1	1	-1
TCGA-ET-A25R	1	-1	4	51	-1	1	4	3	-1	-1	-1	5	1	1	1	2	1	2	2	-1	1	1	5	1	1	2	1	1	-1	1	2	1	2	4	3	1	2	1	2	-1	1	2	-1
TCGA-ET-A25P	1	-1	1	24	-1	1	1	1	-1	-1	-1	1	1	2	1	2	3	2	2	-1	1	1	6	1	1	2	1	1	-1	1	2	4	2	1	3	1	2	1	1	-1	1	2	-1
TCGA-DJ-A1QF	1	-1	2	61	-1	1	1	2	-1	-1	-1	1	1	2	1	2	1	2	2	-1	1	-1	4	1	1	2	1	1	-1	1	2	4	2	1	2	1	2	1	2	-1	1	2	-1
TCGA-DJ-A1QG	1	-1	3	62	-1	1	1	1	-1	-1	-1	2	1	1	1	2	1	2	2	-1	1	1	2	1	3	2	1	1	-1	1	1	4	2	2	2	1	2	1	1	-1	1	1	-1
TCGA-DJ-A1QD	1	-1	2	20	-1	1	1	1	-1	-1	-1	1	1	1	1	2	1	2	2	-1	1	1	4	1	1	2	1	1	-1	1	2	2	2	1	2	1	2	1	-1	-1	1	2	-1
TCGA-ET-A25I	1	-1	1	37	-1	1	1	1	-1	-1	-1	2	1	2	1	2	1	2	2	-1	1	1	4	1	3	2	1	1	-1	1	1	4	2	2	3	1	2	1	1	-1	1	2	-1
TCGA-ET-A25N	1	-1	2	28	-1	1	1	1	-1	-1	-1	1	1	2	1	2	1	2	2	-1	1	1	4	1	1	2	1	1	-1	1	2	3	2	1	3	1	2	1	1	-1	1	2	-1
TCGA-ET-A25O	1	-1	1	35	-1	1	1	1	-1	-1	-1	1	1	2	1	2	2	2	2	-1	1	1	4	1	1	2	1	1	-1	1	2	3	2	1	3	1	2	1	1	-1	1	2	-1
TCGA-ET-A25L	1	-1	1	52	-1	1	4	4	-1	-1	-1	5	1	1	1	2	1	2	2	-1	1	1	5	1	1	2	1	1	-1	1	2	2	2	4	3	1	3	1	1	-1	1	2	-1
TCGA-ET-A25M	1	-1	2	33	-1	1	1	1	-1	-1	-1	1	1	1	1	2	1	2	2	-1	1	1	4	1	1	2	1	1	-1	1	2	5	2	1	3	1	2	1	1	-1	1	1	-1
TCGA-DJ-A1QN	1	-1	3	42	-1	1	1	1	-1	-1	-1	1	1	1	1	2	-1	2	2	-1	1	1	2	1	1	2	1	1	-1	1	2	4	2	1	2	1	2	1	2	-1	1	2	-1
TCGA-DJ-A1QO	1	-1	3	69	-1	1	4	3	-1	-1	-1	5	1	1	1	2	1	1	2	-1	1	1	5	1	1	2	1	1	-1	1	2	4	2	4	2	1	2	1	2	-1	1	1	-1
TCGA-DJ-A1QL	1	-1	1	70	-1	1	1	2	-1	-1	-1	2	1	1	1	2	-1	2	2	-1	1	1	4	1	3	2	1	1	-1	1	1	4	2	2	2	1	2	1	2	-1	1	1	-1
TCGA-EM-A3FJ	1	-1	2	24	-1	1	1	1	-1	-1	-1	1	1	1	2	2	-1	2	2	-1	1	-1	8	1	1	2	1	1	-1	1	2	2	2	1	3	1	2	1	1	-1	1	2	-1
TCGA-EM-A3FM	1	-1	2	57	-1	1	1	4	-1	-1	-1	1	1	1	2	2	-1	1	2	-1	1	-1	4	1	1	2	1	1	-1	1	2	2	2	1	3	1	2	1	1	-1	1	1	-1
TCGA-ET-A25G	1	-1	1	56	-1	1	4	3	-1	-1	-1	5	1	2	1	2	1	2	2	-1	1	1	5	1	1	2	1	1	-1	1	2	4	2	4	3	1	2	1	1	-1	1	2	-1
TCGA-DJ-A1QH	1	-1	3	58	-1	1	4	3	-1	-1	-1	5	1	1	1	2	1	2	2	-1	1	1	5	1	1	1	1	1	-1	1	2	3	2	4	2	2	3	1	1	-1	1	2	-1
TCGA-EM-A3FN	1	-1	1	42	-1	1	1	1	-1	-1	-1	2	1	1	2	2	-1	2	2	-1	1	-1	5	1	3	2	1	1	-1	1	1	4	2	2	3	1	2	1	1	-1	1	2	-1
TCGA-EM-A1CT	1	-1	2	76	-1	1	1	4	-1	-1	-1	1	1	1	2	2	-1	2	2	-1	1	-1	2	1	1	2	1	1	-1	1	2	2	2	1	3	1	-1	1	1	-1	1	1	-1
TCGA-EM-A1CU	1	-1	1	31	-1	1	1	1	-1	-1	-1	1	1	1	2	2	-1	2	2	-1	1	-1	5	1	1	2	1	1	-1	1	2	3	2	1	2	1	-1	1	1	-1	1	1	-1
TCGA-EM-A1CV	1	-1	1	32	-1	1	1	1	-1	-1	-1	1	1	1	2	2	-1	2	2	-1	1	-1	6	1	1	2	1	1	-1	1	2	4	2	1	3	1	-1	1	1	-1	1	2	-1
TCGA-EM-A1CW	1	-1	2	39	-1	1	1	1	-1	-1	-1	2	1	1	2	2	-1	2	2	-1	1	-1	5	1	3	2	1	1	-1	1	1	4	2	2	3	-1	2	1	1	-1	1	2	-1
TCGA-BJ-A3PU	1	-1	1	52	2	1	4	3	1	-1	1	1	1	1	1	1	1	1	2	4	1	1	5	2	1	2	1	1	-1	1	2	3	2	1	2	2	2	1	1	3	1	1	-1
TCGA-BJ-A3PT	1	-1	3	51	2	1	-1	3	1	-1	2	1	1	1	1	1	1	2	2	-1	1	1	5	2	1	2	1	1	-1	1	2	4	2	1	2	1	-1	1	2	1	1	2	-1
TCGA-EM-A1CS	1	-1	1	55	-1	1	1	1	-1	-1	-1	1	1	2	2	2	-1	2	2	-1	1	-1	6	1	1	2	1	1	-1	1	2	4	2	1	3	-1	2	1	1	-1	1	2	-1
TCGA-DJ-A3V5	1	-1	2	76	2	1	4	3	1	-1	2	5	1	1	1	2	1	2	2	-1	1	1	5	1	1	2	1	1	-1	1	2	4	2	4	2	1	3	1	1	1	1	2	-1
TCGA-BJ-A191	1	6	1	49	-1	1	1	1	-1	-1	-1	5	1	1	1	2	1	2	2	-1	1	1	2	1	1	2	1	1	1	1	2	4	2	3	2	1	2	1	1	-1	1	2	-1
TCGA-BJ-A192	1	-1	1	54	-1	1	4	3	-1	-1	-1	4	1	1	1	2	1	2	2	-1	1	-1	5	1	1	2	1	1	1	1	2	1	2	1	2	-1	1	1	2	-1	1	2	-1
TCGA-DJ-A3V6	1	-1	1	54	2	1	4	3	1	-1	2	5	1	1	1	2	1	2	2	-1	1	1	5	1	1	1	1	1	-1	1	2	4	1	4	2	1	2	1	2	1	1	1	-1
TCGA-DJ-A3V0	1	-1	2	56	2	1	2	4	1	-1	2	5	1	1	1	2	-1	2	2	-1	1	1	7	1	1	2	1	1	-1	1	2	2	2	4	2	1	2	1	1	1	1	1	-1
TCGA-DJ-A3V3	1	-1	1	57	2	1	1	2	2	-1	2	1	1	1	1	2	3	2	2	-1	1	1	4	1	1	2	1	1	-1	1	2	4	2	1	2	1	2	1	1	1	1	2	-1
TCGA-DJ-A3V2	1	-1	3	44	2	1	1	1	2	-1	2	1	1	1	1	2	1	2	2	-1	1	1	4	1	1	2	1	1	-1	1	2	3	2	1	2	1	2	1	1	1	1	2	-1
TCGA-FY-A3W9	1	-1	1	66	-1	1	1	2	-1	-1	2	2	1	1	2	1	1	2	2	-1	1	1	4	2	3	2	1	1	-1	1	1	4	2	2	3	2	3	1	1	-1	1	2	-1
TCGA-DJ-A3V8	1	-1	2	28	2	1	4	1	1	-1	2	5	1	1	1	2	1	2	2	-1	1	1	5	1	1	2	1	1	-1	1	2	2	2	4	2	1	2	1	1	1	1	2	-1
TCGA-CE-A27D	1	-1	-1	28	-1	1	1	1	-1	-1	-1	1	1	2	1	1	3	2	2	-1	1	1	4	2	1	2	1	1	-1	1	2	5	2	1	2	1	2	1	2	-1	1	2	-1
TCGA-CE-A485	1	-1	3	32	2	1	1	1	2	-1	2	1	1	1	1	1	3	2	2	-1	1	1	4	2	1	2	1	1	-1	1	2	5	2	1	2	1	2	1	1	-1	1	1	-1
TCGA-EM-A2CU	1	-1	2	47	-1	1	1	3	-1	-1	-1	2	1	1	2	2	-1	2	2	-1	1	-1	4	1	3	2	1	1	-1	1	1	3	2	2	3	1	2	1	1	-1	1	2	-1
TCGA-EL-A3ZK	1	-1	2	41	2	1	1	1	1	-1	2	1	1	2	2	2	1	2	2	-1	1	1	4	1	1	2	1	1	-1	1	2	5	2	1	2	-1	2	1	1	-1	1	2	-1
TCGA-BJ-A4O9	1	-1	1	51	2	1	1	2	2	-1	2	2	1	1	1	1	1	2	2	-1	1	1	4	2	3	2	1	1	10	1	1	4	2	2	2	1	-1	1	1	-1	1	2	-1
TCGA-BJ-A4O8	1	-1	-1	47	2	1	1	3	1	-1	2	1	1	1	1	1	1	2	2	-1	1	1	5	2	1	2	1	1	7	1	2	3	2	1	2	1	2	1	1	1	1	1	-1
TCGA-DJ-A3VE	1	-1	1	50	2	1	1	1	2	-1	2	1	1	1	1	2	1	2	2	-1	1	1	2	1	1	2	1	1	-1	1	2	4	2	1	2	1	2	1	2	1	1	1	-1
TCGA-DJ-A3VD	1	-1	4	32	2	1	1	1	1	-1	2	1	1	1	1	2	1	2	2	-1	1	2	2	1	1	2	1	1	-1	1	2	3	2	1	2	1	2	1	1	1	1	2	-1
TCGA-DJ-A3VG	1	-1	1	40	2	1	1	1	2	-1	2	2	1	1	1	2	1	2	2	-1	1	1	2	1	3	2	1	1	-1	1	1	4	2	2	2	1	2	1	1	1	1	1	-1
TCGA-DJ-A3VF	1	-1	2	60	2	1	4	4	1	-1	2	5	1	1	1	2	1	2	2	-1	1	1	5	1	1	2	1	1	-1	1	2	2	2	4	2	1	2	1	1	1	1	2	-1
TCGA-DJ-A3VA	1	-1	1	39	2	1	1	1	2	-1	2	1	1	1	1	2	-1	2	2	-1	1	1	2	1	1	2	1	1	-1	1	2	3	2	1	2	1	2	1	1	1	1	2	-1
TCGA-EM-A3ST	1	-1	2	62	2	1	1	3	1	-1	2	2	1	1	2	2	-1	1	2	-1	1	-1	5	1	3	2	1	1	-1	1	1	4	2	2	3	1	2	1	1	-1	1	2	-1
TCGA-DJ-A3VB	1	-1	1	52	2	1	4	3	1	-1	2	5	1	1	1	2	-1	2	2	-1	1	1	5	1	1	2	1	1	-1	1	2	3	2	4	2	1	2	1	1	1	1	1	-1
TCGA-DJ-A3VM	1	-1	2	68	2	1	1	2	1	-1	2	2	1	1	1	2	1	2	2	-1	1	1	4	1	3	2	1	1	-1	1	1	4	2	2	2	1	2	1	2	1	1	2	-1
TCGA-DJ-A3VL	1	-1	2	38	2	1	1	1	2	-1	1	2	1	1	1	2	1	1	2	-1	1	1	8	1	3	2	1	1	-1	1	1	4	2	2	2	1	2	1	1	1	1	1	-1
TCGA-EM-A3SX	1	-1	1	28	2	1	1	1	2	-1	2	1	1	1	2	2	-1	2	2	-1	1	-1	5	1	1	2	1	1	-1	1	2	3	2	1	3	2	3	1	1	-1	1	2	-1
TCGA-EM-A3SY	1	-1	2	36	2	1	1	1	2	-1	2	2	1	1	2	2	-1	2	2	-1	1	-1	2	1	3	2	1	1	-1	1	1	1	2	2	3	1	2	1	2	-1	1	1	-1
TCGA-DJ-A3VI	1	-1	1	52	2	1	1	3	2	-1	2	1	1	1	1	2	1	2	2	-1	1	1	2	1	1	2	1	1	-1	1	2	3	1	1	2	1	2	1	1	1	1	2	-1
TCGA-IM-A3EB	1	-1	2	32	-1	1	4	1	-1	-1	-1	1	1	2	1	2	1	2	2	-1	1	2	5	1	1	2	1	1	-1	1	2	3	2	1	3	1	2	1	1	-1	1	2	-1
TCGA-DJ-A3VJ	1	3	3	22	2	1	4	1	1	-1	2	3	1	1	1	2	1	2	2	-1	1	1	5	1	3	2	1	1	-1	1	1	3	2	3	2	1	2	1	1	1	1	1	-1
TCGA-BJ-A291	1	-1	2	56	-1	1	-1	1	-1	-1	-1	1	1	1	1	2	1	2	2	-1	1	1	6	1	1	2	1	1	-1	1	2	4	1	1	2	1	-1	1	1	-1	1	2	-1
TCGA-BJ-A290	1	-1	1	70	-1	1	4	3	-1	-1	-1	5	1	1	1	2	1	1	2	-1	1	1	5	1	1	2	1	1	3	1	2	3	1	4	2	2	-1	1	1	-1	1	1	-1
TCGA-EM-A2CS	2	-1	2	51	-1	1	1	4	-1	-1	-1	9	1	1	2	2	-1	2	2	-1	1	-1	5	1	1	2	1	1	-1	1	2	2	2	1	3	2	3	2	1	-1	1	2	-1
TCGA-EM-A2CR	1	-1	2	46	-1	1	1	2	-1	-1	-1	2	1	1	2	2	-1	2	2	-1	1	-1	4	1	3	2	1	1	-1	1	1	4	2	2	3	1	2	1	1	-1	1	2	-1
TCGA-EM-A2CQ	1	-1	1	40	-1	1	1	1	-1	-1	-1	2	1	1	2	2	-1	2	2	-1	1	-1	2	1	3	2	1	1	-1	1	1	3	2	2	3	1	2	1	1	-1	1	2	-1
TCGA-EM-A2CP	1	-1	1	26	-1	1	1	1	-1	-1	-1	2	1	1	2	2	-1	2	2	-1	1	-1	4	1	3	2	1	1	-1	1	1	4	2	2	3	1	2	1	1	-1	1	2	-1
TCGA-BJ-A0ZH	1	-1	3	52	-1	1	1	4	-1	-1	-1	5	1	1	1	2	1	2	2	-1	1	1	4	1	1	2	1	1	3	1	2	2	2	4	3	-1	1	1	1	-1	1	2	-1
TCGA-BJ-A0ZJ	1	-1	3	36	-1	1	1	1	-1	-1	-1	1	1	1	1	2	1	2	2	-1	1	1	4	1	1	2	1	1	1	1	2	3	2	1	2	1	2	1	1	-1	1	1	-1
TCGA-EM-A2CT	1	-1	2	20	-1	1	1	1	-1	-1	-1	2	1	1	2	2	-1	2	2	-1	1	-1	2	1	3	2	1	1	-1	1	1	4	2	2	3	1	2	1	1	-1	1	2	-1
TCGA-BJ-A0ZE	1	-1	2	63	-1	1	4	3	-1	-1	-1	1	1	1	1	2	1	2	2	-1	1	1	5	1	1	2	1	1	-1	1	2	4	2	1	2	1	3	1	-1	-1	1	2	-1
TCGA-BJ-A0ZF	1	1	2	54	-1	1	1	2	-1	-1	-1	7	1	1	1	2	1	1	2	-1	1	1	4	1	3	2	1	1	-1	1	1	4	2	3	2	-1	2	1	-1	-1	1	2	-1
TCGA-BJ-A0ZG	1	-1	3	80	-1	1	1	1	-1	-1	-1	2	1	1	1	2	1	2	2	-1	1	1	6	1	3	2	1	1	14	1	1	4	2	2	2	1	1	1	-1	-1	1	1	-1
TCGA-BJ-A0ZA	1	-1	3	67	-1	1	1	2	-1	-1	-1	1	1	1	1	2	1	2	2	-1	1	1	4	1	1	2	1	1	-1	1	2	4	2	1	2	1	2	1	1	-1	1	2	-1
TCGA-BJ-A0ZB	1	-1	2	66	-1	1	2	4	-1	-1	-1	1	1	1	1	2	1	2	2	-1	1	1	5	1	1	2	1	1	13	1	2	2	2	1	2	1	3	1	1	-1	1	1	-1
TCGA-BJ-A0ZC	1	-1	3	55	-1	1	1	1	-1	-1	-1	1	1	1	1	2	1	2	2	-1	1	1	6	1	1	2	1	1	-1	1	2	4	2	1	2	1	2	1	-1	-1	1	1	-1
TCGA-EM-A2CK	1	-1	2	28	-1	1	1	1	-1	-1	-1	2	1	1	2	2	-1	2	2	-1	1	-1	4	1	3	2	1	1	-1	1	1	2	2	2	3	1	2	1	1	-1	1	1	-1
TCGA-EM-A2CJ	1	-1	1	49	-1	1	1	1	-1	-1	-1	2	1	1	2	2	-1	2	2	-1	1	-1	2	1	3	2	1	1	-1	1	1	1	2	2	3	1	2	1	2	-1	1	2	-1
TCGA-EM-A2CO	1	-1	2	77	-1	1	1	2	-1	-1	-1	2	1	1	2	2	-1	2	2	-1	1	-1	4	1	3	2	1	1	-1	1	1	1	2	2	3	1	2	1	2	-1	1	2	-1
TCGA-EM-A2CN	1	-1	2	62	-1	1	1	4	-1	-1	-1	2	1	1	2	2	-1	2	2	3	1	-1	5	1	3	2	1	1	-1	1	1	4	2	2	1	2	2	1	1	-1	1	1	-1
TCGA-EM-A2CM	1	7	1	62	-1	1	1	3	-1	-1	-1	8	1	1	2	2	-1	2	2	-1	1	-1	5	1	2	2	1	1	-1	1	3	4	2	3	3	2	2	1	1	-1	1	2	-1
TCGA-EM-A2CL	1	-1	1	31	-1	1	1	1	-1	-1	-1	2	1	1	2	2	-1	2	2	-1	1	-1	4	1	3	2	1	1	-1	1	1	1	2	2	3	1	2	1	2	-1	1	1	-1
TCGA-MK-A84Z	1	-1	2	74	2	1	-1	3	2	-1	2	2	1	1	1	2	2	2	2	-1	1	1	5	1	3	2	1	1	-1	1	1	1	1	2	3	1	-1	1	2	-1	1	1	-1
TCGA-DJ-A2PN	1	-1	1	70	-1	1	1	1	-1	-1	-1	1	1	1	1	2	1	2	2	-1	1	1	2	1	1	2	1	1	-1	1	2	4	2	1	2	1	2	1	2	-1	1	2	-1
TCGA-DJ-A2PO	1	-1	3	54	-1	1	1	1	-1	-1	-1	1	1	1	1	2	1	2	2	-1	1	1	8	1	1	2	1	1	-1	1	2	4	2	1	2	1	2	1	1	-1	1	1	-1
TCGA-DJ-A2PZ	1	-1	1	63	-1	1	4	3	-1	-1	-1	1	1	1	1	2	1	2	2	-1	1	1	5	1	1	2	1	1	-1	1	2	4	2	1	2	1	2	1	1	-1	1	1	-1
TCGA-DJ-A2PX	1	-1	1	55	-1	1	1	1	-1	-1	-1	2	1	1	1	2	1	2	2	-1	1	1	2	1	3	2	1	1	-1	1	1	4	2	2	2	1	2	1	1	-1	1	2	-1
TCGA-DJ-A2PY	1	-1	3	46	-1	1	4	3	-1	-1	-1	5	1	1	1	2	1	2	2	-1	1	1	5	1	1	2	1	1	-1	1	2	3	2	4	2	1	2	1	1	-1	1	2	-1
TCGA-BJ-A0Z9	1	-1	3	57	-1	1	4	3	-1	-1	-1	5	1	1	1	2	1	2	2	-1	1	1	5	1	1	2	1	1	-1	1	2	4	2	4	3	1	3	1	1	-1	1	2	-1
TCGA-DJ-A2PR	1	-1	3	27	-1	1	4	1	-1	-1	-1	1	1	1	1	2	3	2	2	-1	1	1	5	1	1	2	1	1	-1	1	2	3	1	1	2	1	2	1	1	-1	1	1	-1
TCGA-BJ-A0Z5	1	-1	1	58	-1	1	-1	3	-1	-1	-1	1	1	1	1	2	1	2	2	-1	1	1	5	1	1	2	1	1	3	1	2	3	2	1	2	1	-1	1	1	-1	1	1	-1
TCGA-DJ-A2PP	1	-1	3	47	-1	1	1	2	-1	-1	-1	2	1	1	1	2	-1	2	2	-1	1	1	4	1	3	2	1	1	-1	1	1	4	2	2	2	1	2	1	1	-1	1	1	-1
TCGA-DJ-A2PQ	1	-1	1	26	-1	1	1	1	-1	-1	-1	1	1	1	1	2	1	2	2	-1	1	1	4	1	1	2	1	1	-1	1	2	3	2	1	2	1	2	1	1	-1	1	1	-1
TCGA-DJ-A2PV	1	-1	3	53	-1	1	1	2	-1	-1	-1	1	1	1	1	2	1	2	2	-1	1	1	4	1	1	2	1	1	-1	1	2	4	2	1	2	1	2	1	1	-1	1	2	-1
TCGA-DJ-A2PW	1	-1	3	65	-1	1	1	3	-1	-1	-1	1	1	1	1	2	1	2	2	-1	1	1	5	1	1	2	1	1	-1	1	2	3	2	1	2	1	2	1	1	-1	1	1	-1
TCGA-DJ-A2PT	1	-1	2	70	-1	1	4	3	-1	-1	-1	1	1	1	1	2	1	2	2	-1	1	2	5	1	1	2	1	1	-1	1	2	4	2	4	2	1	2	1	1	-1	1	2	-1
TCGA-DJ-A2PU	1	-1	3	52	-1	1	1	2	-1	-1	-1	1	1	1	1	2	1	2	2	-1	1	1	4	1	1	2	1	1	-1	1	2	4	2	1	2	1	2	1	1	-1	1	2	-1
TCGA-DO-A1K0	1	-1	3	30	-1	1	4	1	-1	-1	-1	1	1	1	2	2	1	1	2	-1	1	1	5	1	1	2	1	1	-1	1	2	2	2	1	3	1	2	1	1	-1	1	2	-1
TCGA-DJ-A3UM	1	-1	1	45	2	1	1	1	2	-1	2	1	1	1	1	2	3	2	2	-1	1	1	2	1	1	2	1	1	-1	1	2	4	2	1	2	1	2	1	1	1	1	2	-1
TCGA-DJ-A3UN	1	-1	1	51	2	1	1	1	2	-1	2	1	1	1	1	2	1	2	2	-1	1	1	2	1	1	2	1	1	-1	1	2	4	2	1	2	1	2	1	1	1	1	2	-1
TCGA-DJ-A3UO	1	-1	3	63	2	1	4	4	1	-1	2	1	1	1	1	2	1	1	2	-1	1	1	5	1	1	2	1	1	-1	1	2	2	2	1	2	1	2	1	1	1	1	1	-1
TCGA-DJ-A3UK	1	-1	1	35	2	1	1	1	2	-1	2	1	1	1	1	2	1	2	2	-1	1	1	2	1	1	2	1	1	-1	1	2	4	2	1	2	1	2	1	1	1	1	2	-1
TCGA-DJ-A3UX	1	-1	2	46	2	1	1	1	2	-1	2	1	1	1	1	2	1	2	2	-1	1	1	6	1	1	2	1	1	5	1	2	4	2	1	2	2	2	1	1	1	1	2	-1
TCGA-DJ-A3UY	1	-1	1	32	2	1	1	1	2	-1	2	1	1	1	1	2	1	2	2	-1	1	1	2	1	1	2	1	1	-1	1	2	4	2	1	2	1	2	1	2	1	1	2	-1
TCGA-DJ-A3UZ	1	-1	3	70	2	1	4	3	2	-1	2	1	1	1	1	2	1	2	2	-1	1	1	5	1	1	2	1	1	-1	1	2	4	2	1	2	1	2	1	1	1	1	2	-1
TCGA-DJ-A3UT	1	-1	3	43	2	1	1	1	2	-1	2	2	1	1	1	2	1	2	2	-1	1	2	8	1	3	2	1	1	-1	1	1	4	2	2	2	1	2	1	2	1	1	2	-1
TCGA-DJ-A3UU	1	-1	2	49	2	1	4	3	1	-1	2	1	1	1	1	2	1	2	2	-1	1	1	5	1	1	2	1	1	-1	1	2	4	1	1	2	1	3	1	1	1	1	2	-1
TCGA-DJ-A3UV	1	-1	1	18	2	1	1	1	2	-1	2	1	1	1	1	2	1	2	2	-1	1	1	6	1	1	2	1	1	-1	1	2	4	1	1	2	1	2	1	1	1	1	2	-1
TCGA-DJ-A3UW	1	-1	1	50	2	1	1	1	2	-1	2	1	1	2	1	2	1	2	2	-1	1	1	2	1	1	2	1	1	-1	1	2	4	1	1	2	1	2	1	1	1	1	2	-1
TCGA-DJ-A3UP	1	-1	1	38	2	1	1	1	1	-1	2	2	1	1	1	2	-1	2	2	-1	1	2	4	1	3	2	1	1	-1	1	1	4	2	2	2	-1	2	1	1	1	1	2	-1
TCGA-DJ-A3UQ	1	-1	1	45	2	1	4	3	1	-1	2	5	1	1	1	2	3	2	2	-1	1	1	5	1	1	2	1	1	-1	1	2	3	2	4	2	1	2	1	1	1	1	2	-1
TCGA-DJ-A3UR	1	-1	3	51	2	1	4	3	2	-1	2	2	1	1	1	2	1	2	2	-1	1	1	5	1	3	2	1	1	-1	1	1	3	2	2	2	1	2	1	1	1	1	2	-1
TCGA-DJ-A3US	1	-1	2	37	2	1	1	1	2	-1	2	1	1	1	1	2	1	2	2	-1	1	1	2	1	1	2	1	1	-1	1	2	4	2	1	2	1	2	1	2	1	1	2	-1
TCGA-DE-A69J	1	-1	2	34	2	1	1	1	1	-1	2	1	1	1	2	1	2	2	2	-1	1	1	4	2	1	2	1	1	-1	1	2	1	2	1	2	2	2	1	2	2	1	2	-1
TCGA-DE-A69K	1	-1	2	58	2	1	4	3	1	-1	2	1	1	1	2	1	2	1	2	-1	1	1	5	2	1	2	1	1	-1	1	2	4	2	1	2	2	3	1	1	2	1	2	-1
TCGA-L6-A4EU	1	-1	2	58	2	1	4	3	1	-1	2	5	1	1	1	2	2	2	2	-1	1	1	5	1	1	2	1	1	-1	1	2	3	2	4	2	1	3	1	1	1	1	2	-1
TCGA-MK-A4N9	1	-1	3	41	1	1	4	1	1	-1	2	1	1	1	1	2	1	2	2	-1	1	2	5	1	1	2	1	1	-1	1	2	5	2	1	2	1	2	1	1	1	1	2	-1
TCGA-MK-A4N6	1	-1	2	35	1	1	-1	1	1	-1	2	1	1	1	1	2	1	2	2	-1	1	2	5	1	1	2	1	1	-1	1	2	2	2	1	2	2	2	1	1	1	1	1	-1
TCGA-MK-A4N7	1	-1	4	20	1	1	1	1	1	-1	2	1	1	1	1	2	1	2	2	-1	1	2	4	1	1	2	1	1	-1	1	2	4	2	1	2	1	2	1	1	1	1	2	-1
TCGA-BJ-A3EZ	1	-1	2	51	-1	1	4	4	-1	-1	-1	1	1	1	1	1	1	2	2	-1	1	1	5	2	1	2	1	1	-1	1	2	2	2	1	2	2	3	1	1	-1	1	1	-1
TCGA-ET-A4KQ	1	-1	2	45	2	1	1	2	2	-1	2	2	1	1	1	2	1	2	2	-1	1	-1	4	1	3	2	1	1	-1	1	1	1	2	2	3	1	2	1	2	-1	1	2	-1
TCGA-DE-A0Y2	1	-1	1	30	-1	1	1	1	-1	-1	-1	1	1	1	2	1	1	2	2	-1	1	1	4	2	1	2	1	1	-1	1	2	3	2	1	2	1	2	1	1	-1	1	2	-1
TCGA-DE-A0Y3	1	-1	3	60	-1	2	-1	4	-1	-1	-1	1	1	2	2	2	3	1	2	1	1	1	7	1	1	2	1	1	-1	1	2	2	2	1	1	1	3	1	1	-1	1	2	-1
TCGA-DE-A3KN	1	-1	1	49	-1	1	4	4	-1	-1	-1	1	1	1	2	1	1	2	2	-1	1	1	5	2	1	2	1	1	-1	1	2	2	2	1	2	1	2	1	1	-1	1	2	-1
TCGA-E8-A418	1	-1	2	75	-1	1	2	4	-1	-1	2	1	1	1	1	1	1	2	2	-1	1	1	7	2	1	2	1	1	-1	1	2	4	2	1	2	1	1	1	2	-1	1	2	-1
TCGA-E8-A419	1	-1	1	30	-1	1	1	1	-1	-1	2	1	1	1	1	1	1	2	2	-1	1	1	4	2	1	2	1	1	-1	1	2	5	2	1	2	2	2	1	1	-1	1	2	-1
TCGA-E8-A413	1	-1	1	38	-1	1	1	1	-1	-1	2	1	1	1	1	1	3	2	2	-1	1	1	2	2	1	2	1	1	-1	1	2	4	2	1	2	1	2	1	2	-1	1	2	-1
TCGA-E8-A414	1	-1	1	45	-1	1	1	3	-1	-1	2	1	1	1	1	1	3	2	2	-1	1	1	5	2	1	2	1	1	-1	1	2	4	2	1	2	1	2	1	1	-1	1	2	-1
TCGA-E8-A415	1	-1	1	39	-1	1	1	1	-1	-1	2	1	1	1	1	1	3	2	2	-1	1	1	8	2	1	2	1	1	-1	1	2	2	2	1	2	1	2	1	1	-1	1	2	-1
TCGA-E8-A416	1	-1	1	51	-1	1	1	1	-1	-1	2	1	1	1	1	1	3	2	2	-1	1	1	2	2	1	2	1	1	-1	1	2	4	2	1	2	1	2	1	2	-1	1	2	-1
TCGA-E8-A417	1	-1	2	38	-1	1	1	1	-1	-1	2	1	1	1	1	1	3	2	2	-1	1	1	4	2	1	2	1	1	-1	1	2	3	2	1	2	1	2	1	1	-1	1	2	-1
TCGA-ET-A39S	1	-1	1	27	-1	1	1	1	-1	-1	-1	1	1	2	1	2	1	2	2	-1	1	1	6	1	1	2	1	1	-1	1	2	4	2	1	3	1	2	1	1	-1	1	2	-1
TCGA-ET-A39R	1	-1	2	24	-1	1	1	1	-1	-1	-1	1	1	2	1	2	1	2	2	-1	1	2	6	1	1	2	1	1	-1	1	2	4	2	1	3	1	2	1	1	-1	1	2	-1
TCGA-ET-A39P	1	-1	1	73	-1	1	4	3	-1	-1	-1	1	1	2	1	2	2	2	2	-1	1	1	5	1	1	2	1	1	-1	1	2	4	2	1	3	1	3	1	1	-1	1	2	-1
TCGA-ET-A39T	1	-1	2	55	-1	1	4	3	-1	-1	-1	2	1	2	1	2	1	2	2	-1	1	1	5	1	3	2	1	1	-1	1	1	4	2	2	3	1	2	1	1	-1	1	2	-1
TCGA-ET-A39K	1	-1	1	48	-1	1	4	3	-1	-1	-1	1	1	2	1	2	1	1	2	-1	1	1	5	1	1	2	1	1	-1	1	2	3	2	1	3	1	3	1	1	-1	1	2	-1
TCGA-ET-A39J	1	-1	2	23	-1	1	1	1	-1	-1	-1	1	1	2	1	2	1	2	2	-1	1	1	4	1	1	2	1	1	-1	1	2	1	2	1	3	1	2	1	2	-1	1	2	-1
TCGA-ET-A39I	1	-1	2	83	-1	1	1	1	-1	-1	-1	2	1	2	1	2	1	-1	1	-1	2	1	6	1	3	2	1	1	-1	1	1	1	2	2	3	1	2	1	2	-1	1	2	-1
TCGA-ET-A39O	1	-1	4	39	-1	1	1	1	-1	-1	-1	5	1	2	1	2	1	2	2	-1	1	1	6	1	1	2	1	1	-1	1	2	4	2	4	3	1	2	1	1	-1	1	1	-1
TCGA-ET-A39N	1	-1	2	35	-1	1	1	1	-1	-1	-1	1	1	2	1	2	1	2	2	-1	1	1	5	1	1	2	1	1	-1	1	2	1	2	1	3	1	2	1	2	-1	1	2	-1
TCGA-ET-A39M	1	-1	1	34	-1	1	1	1	-1	-1	-1	1	1	2	1	2	1	2	2	-1	1	1	4	1	1	2	1	1	-1	1	2	1	2	1	3	1	2	1	2	-1	1	1	-1
TCGA-ET-A39L	1	-1	1	20	-1	1	1	1	-1	-1	-1	1	1	2	1	2	-1	2	2	-1	1	1	5	1	1	2	1	1	-1	1	2	4	2	1	3	1	2	1	1	-1	1	2	-1
TCGA-EM-A1YC	1	-1	2	71	-1	1	1	3	-1	-1	-1	2	1	2	2	2	-1	2	2	-1	1	-1	5	1	3	2	1	1	-1	1	1	4	2	2	3	1	2	1	1	-1	1	2	-1
TCGA-EL-A3N2	1	-1	1	24	2	1	4	1	1	-1	2	1	1	1	2	2	1	2	2	-1	1	1	4	1	1	2	1	1	-1	1	2	5	2	1	2	1	2	1	1	-1	1	2	-1
TCGA-EL-A3N3	1	-1	1	53	2	1	4	2	1	-1	2	1	1	3	2	2	1	2	2	-1	1	1	5	1	1	2	1	1	-1	1	2	1	1	1	2	1	2	1	2	-1	1	2	-1
TCGA-EM-A2OW	1	-1	2	37	-1	1	1	1	-1	-1	-1	2	1	1	2	2	-1	2	2	-1	1	-1	2	1	3	2	1	1	-1	1	1	1	2	2	3	1	2	1	2	-1	1	2	-1
TCGA-EM-A2OV	1	-1	1	64	-1	1	1	2	-1	-1	-1	2	1	1	2	2	3	2	2	-1	1	1	4	1	3	2	1	1	-1	1	1	4	2	2	3	1	2	1	1	-1	1	2	-1
TCGA-DE-A2OL	1	-1	2	44	-1	1	1	1	-1	-1	-1	2	1	1	2	1	1	2	2	-1	1	1	4	2	3	2	1	1	-1	1	1	1	2	2	3	1	2	1	2	-1	1	2	-1
TCGA-EM-A2OZ	1	-1	4	66	-1	1	1	1	-1	-1	-1	1	1	1	2	2	-1	2	2	-1	1	-1	2	1	1	2	1	1	-1	1	2	4	2	1	3	1	2	1	1	-1	1	1	-1
TCGA-EM-A2OY	1	-1	2	46	-1	1	1	2	-1	-1	-1	2	1	1	2	2	-1	2	2	-1	1	-1	4	1	3	2	1	1	-1	1	1	4	2	2	3	1	2	1	1	-1	1	2	-1
TCGA-EM-A2OX	1	-1	2	46	-1	1	1	4	-1	-1	-1	1	1	1	2	2	-1	2	2	-1	1	-1	2	1	1	2	1	1	-1	1	2	2	2	1	3	1	2	1	1	-1	1	1	-1
TCGA-DE-A4MC	1	-1	2	43	2	1	4	1	1	-1	1	1	1	1	2	1	4	1	2	-1	1	1	5	2	1	2	1	1	-1	1	2	2	2	1	2	2	2	1	1	2	1	2	-1
TCGA-DE-A4MA	1	-1	1	52	2	1	4	3	1	-1	2	1	1	1	2	1	2	2	2	-1	1	1	5	2	1	2	1	1	-1	1	2	3	2	1	2	-1	2	1	1	2	1	2	-1
TCGA-E3-A3E2	1	-1	2	34	-1	1	1	1	-1	-1	-1	2	1	2	2	2	1	2	2	-1	1	1	6	1	3	2	1	1	-1	1	1	3	2	2	3	1	2	1	1	-1	1	2	-1
TCGA-E3-A3E3	1	-1	2	49	-1	1	1	2	-1	-1	-1	1	1	1	2	2	1	1	2	-1	1	1	4	1	1	2	1	1	-1	1	2	4	2	1	2	2	2	1	1	-1	1	2	-1
TCGA-E3-A3E0	1	-1	1	34	-1	1	1	1	-1	-1	-1	1	1	2	2	2	1	2	2	-1	1	1	4	1	1	2	1	1	-1	1	2	4	2	1	3	1	2	1	1	-1	1	2	-1
TCGA-E3-A3E1	1	-1	2	46	-1	1	1	1	-1	-1	-1	1	1	2	2	2	1	2	2	-1	1	1	6	1	1	2	1	1	-1	1	2	4	2	1	2	1	2	1	1	-1	1	2	-1
TCGA-E3-A3E5	1	-1	3	57	-1	1	1	4	-1	-1	-1	1	1	1	2	2	1	2	2	-1	1	1	7	1	1	2	1	1	-1	1	2	2	1	1	3	1	1	1	1	-1	1	1	-1
TCGA-EM-A4FF	1	-1	1	40	2	1	1	1	1	-1	1	1	1	2	2	2	-1	1	2	-1	1	-1	2	1	1	2	1	1	-1	1	2	5	2	1	3	1	3	1	1	-1	1	2	-1
TCGA-EM-A4FK	1	-1	2	33	2	1	1	1	2	-1	2	2	1	1	2	2	-1	2	2	-1	1	-1	4	1	3	2	1	1	-1	1	1	1	2	2	3	1	2	1	2	-1	1	2	-1
TCGA-EM-A4FH	1	-1	2	69	2	1	1	3	1	-1	2	2	1	1	2	2	-1	2	2	-1	1	-1	5	1	3	2	1	1	-1	1	1	1	2	2	3	1	2	1	2	1	1	1	-1
TCGA-EM-A4FN	1	-1	4	49	2	1	1	4	1	-1	2	1	1	1	2	2	-1	2	2	-1	1	-1	2	1	1	2	1	1	-1	1	2	2	2	1	3	1	2	1	1	1	1	2	-1
TCGA-EM-A4FO	1	-1	1	72	2	1	1	1	1	-1	2	1	1	1	2	2	-1	2	2	-1	1	-1	2	1	1	2	1	1	-1	1	2	4	2	1	3	1	2	1	1	1	1	1	-1
TCGA-EM-A4FM	1	-1	3	59	2	1	4	4	1	-1	2	1	1	1	2	2	-1	2	2	-1	1	-1	5	1	1	2	1	1	-1	1	2	2	2	1	3	2	3	1	1	-1	1	2	-1
TCGA-EM-A4FR	1	4	2	28	2	1	1	1	1	-1	2	1	1	1	2	2	-1	2	2	-1	1	-1	5	1	1	2	1	1	-1	1	2	5	2	3	3	1	2	1	1	1	1	1	-1
TCGA-EM-A4FQ	1	-1	2	42	2	1	1	1	1	-1	2	2	1	1	2	2	-1	2	2	-1	1	-1	4	1	3	2	1	1	-1	1	1	5	2	2	3	1	2	1	1	1	1	2	-1
TCGA-EM-A4FV	1	-1	1	64	2	1	1	1	2	-1	2	1	1	1	2	2	-1	2	2	-1	1	-1	2	1	1	2	1	1	-1	1	2	4	2	1	3	1	2	1	1	1	1	2	-1
TCGA-EM-A4FU	1	-1	1	35	2	1	1	1	1	-1	2	2	1	2	2	2	-1	1	2	-1	1	-1	5	1	3	2	1	1	-1	1	1	1	2	2	3	1	2	1	2	1	1	1	-1
TCGA-J8-A42S	1	-1	3	45	2	1	1	3	2	-1	2	1	1	1	1	2	1	2	2	-1	1	-1	2	1	1	2	1	1	-1	1	2	3	2	1	3	-1	2	1	1	1	1	1	-1
TCGA-QD-A8IV	1	-1	-1	50	2	1	4	4	2	-1	2	1	1	1	1	1	2	2	2	-1	1	1	5	2	1	2	1	1	2	1	2	2	2	1	3	1	1	1	1	-1	1	2	-1
TCGA-EL-A3ZO	1	-1	2	79	2	1	4	3	1	-1	2	1	1	2	2	2	1	2	2	-1	1	1	5	1	1	2	1	1	-1	1	2	5	2	1	2	1	2	1	1	-1	1	2	-1
TCGA-EL-A3ZM	1	-1	2	60	2	1	2	4	1	-1	2	1	1	2	2	2	-1	2	2	-1	1	-1	7	1	1	2	1	1	-1	1	2	5	2	1	2	-1	3	1	1	-1	1	1	-1
TCGA-BJ-A45I	1	-1	3	51	2	1	4	3	1	-1	1	5	1	1	1	1	1	1	2	-1	1	1	5	2	1	2	1	1	4	1	2	4	2	4	2	2	4	1	1	2	1	2	-1
TCGA-BJ-A45H	1	-1	3	45	2	1	4	3	1	-1	2	1	1	1	1	1	1	2	2	-1	1	1	5	2	1	2	1	1	15	1	2	4	2	1	2	2	-1	1	-1	1	1	1	-1
TCGA-IM-A41Y	1	2	3	42	1	1	4	1	2	-1	2	3	1	1	1	1	1	2	2	-1	1	2	5	2	3	2	1	1	-1	1	1	3	2	3	3	1	2	1	1	1	1	2	-1
TCGA-BJ-A45J	1	-1	1	39	2	1	-1	1	1	-1	2	5	1	1	1	1	1	2	2	-1	1	1	8	2	1	2	1	1	13	1	2	3	2	4	2	1	-1	1	1	1	1	2	-1
TCGA-BJ-A45E	1	-1	1	46	2	1	-1	1	2	-1	2	1	1	1	1	1	1	2	2	-1	1	1	8	2	1	2	1	1	-1	1	2	4	2	1	2	1	-1	1	1	1	1	2	-1
TCGA-BJ-A18Z	1	-1	3	58	-1	1	4	4	-1	-1	-1	1	1	1	1	2	1	2	2	-1	1	1	5	1	1	2	1	1	11	1	2	2	2	1	3	-1	3	1	1	-1	1	1	-1
TCGA-BJ-A18Y	1	-1	3	29	-1	1	1	1	-1	-1	-1	1	1	1	1	2	1	2	2	-1	1	1	2	1	1	2	1	1	1	1	2	4	2	1	3	-1	2	1	1	-1	1	1	-1
TCGA-BJ-A45F	1	-1	2	59	2	1	-1	1	1	-1	2	1	1	1	1	1	1	2	2	-1	1	1	2	2	1	2	1	1	6	1	2	4	2	1	2	1	-1	1	2	1	1	2	-1
TCGA-E8-A44K	1	-1	1	50	2	1	1	1	2	-1	2	1	1	1	1	1	3	2	2	-1	1	1	2	2	1	2	1	1	-1	1	2	4	2	1	2	1	2	1	1	-1	1	2	-1
TCGA-BJ-A45C	1	-1	1	78	2	1	4	3	1	-1	2	1	1	1	1	1	2	-1	1	-1	2	1	5	2	1	2	1	1	-1	1	2	4	2	1	2	2	-1	1	1	1	1	1	-1
TCGA-IM-A41Z	1	-1	3	37	2	1	1	1	1	-1	2	2	1	1	1	1	1	2	2	-1	1	2	2	2	3	2	1	1	-1	1	1	4	2	2	3	1	2	1	1	1	1	2	-1
TCGA-BJ-A45K	1	-1	1	33	2	1	1	1	2	-1	2	2	1	1	1	1	1	2	2	-1	1	1	4	2	1	2	1	1	-1	1	2	4	2	1	2	-1	-1	1	1	-1	1	1	-1
TCGA-DO-A1JZ	1	-1	1	23	-1	1	1	1	-1	-1	-1	2	1	2	2	2	2	2	2	-1	1	1	4	1	3	2	1	1	-1	1	1	1	2	2	3	1	3	1	2	-1	1	2	-1
TCGA-BJ-A45D	1	-1	4	36	2	1	1	1	2	-1	2	2	1	1	1	1	1	2	2	-1	1	1	4	2	3	2	1	1	-1	1	1	4	2	2	2	1	-1	1	1	-1	1	1	-1
TCGA-E8-A44M	1	-1	2	23	2	1	1	1	2	-1	2	1	1	1	1	1	3	2	2	-1	1	1	2	2	1	2	1	1	-1	1	2	4	2	1	2	1	2	1	2	-1	1	2	-1
TCGA-BJ-A45G	1	-1	2	48	2	1	1	3	1	-1	2	2	1	1	1	1	1	2	2	-1	1	1	4	2	3	2	1	1	-1	1	1	5	2	2	2	1	-1	1	1	1	1	2	-1
TCGA-EM-A22I	1	-1	1	52	-1	1	4	3	-1	-1	-1	1	1	1	2	2	-1	2	2	-1	1	-1	5	1	1	2	1	1	-1	1	2	4	2	1	3	1	3	1	1	-1	1	2	-1
TCGA-EM-A22J	1	-1	1	56	-1	1	1	2	-1	-1	-1	2	1	1	2	2	-1	2	2	-1	1	-1	4	1	3	2	1	1	-1	1	1	4	2	2	3	1	1	1	1	-1	1	2	-1
TCGA-EM-A22K	1	-1	1	46	-1	1	1	4	-1	-1	-1	1	1	1	2	2	-1	2	2	-1	1	-1	2	1	1	2	1	1	-1	1	2	2	2	1	3	2	3	1	1	-1	1	2	-1
TCGA-EM-A22L	1	-1	2	33	-1	1	1	1	-1	-1	-1	2	1	1	2	2	-1	2	2	-1	1	-1	4	1	3	2	1	1	-1	1	1	4	2	2	3	-1	2	1	1	-1	1	2	-1
TCGA-EM-A22M	1	-1	2	52	-1	1	1	1	-1	-1	-1	1	1	1	2	2	3	2	2	-1	1	1	2	1	1	2	1	1	-1	1	2	4	2	1	3	1	2	1	1	-1	1	1	-1
TCGA-EM-A22N	1	-1	2	68	-1	1	1	1	-1	-1	-1	2	1	1	2	2	-1	2	2	-1	1	-1	2	1	3	2	1	1	-1	1	1	4	2	2	3	1	1	1	1	-1	1	2	-1
TCGA-EM-A22O	1	-1	1	75	-1	1	2	4	-1	-1	-1	1	1	1	2	2	3	2	2	-1	1	1	7	1	1	2	1	1	-1	1	2	3	2	1	3	1	3	1	1	-1	1	1	-1
TCGA-EM-A22P	1	-1	2	64	-1	1	1	4	-1	-1	-1	1	1	1	2	2	-1	2	2	-1	1	-1	2	1	1	2	1	1	-1	1	2	2	2	1	3	1	3	1	1	-1	1	1	-1
TCGA-EM-A22Q	1	-1	2	36	-1	1	1	1	-1	-1	-1	2	1	1	2	2	-1	2	2	-1	1	-1	5	1	3	2	1	1	-1	1	1	4	2	2	3	1	2	1	1	-1	1	1	-1
TCGA-DJ-A2QA	1	-1	3	56	-1	1	4	3	-1	-1	-1	2	1	1	1	2	3	2	2	-1	1	1	5	1	3	2	1	1	-1	1	1	4	2	2	2	1	2	1	1	-1	1	2	-1
TCGA-DJ-A2QC	1	-1	1	70	-1	1	1	2	-1	-1	-1	1	1	1	1	2	-1	2	2	-1	1	1	4	1	1	2	1	1	-1	1	2	4	2	1	2	1	2	1	2	-1	1	2	-1
TCGA-DJ-A2QB	1	-1	3	53	-1	1	4	4	-1	-1	-1	2	1	1	1	2	3	2	2	-1	1	1	5	1	3	2	1	1	-1	1	1	2	2	2	2	1	2	1	1	-1	1	2	-1
TCGA-EL-A3TA	1	-1	1	42	2	1	1	1	1	-1	2	1	1	2	1	2	1	2	2	-1	1	1	4	1	1	2	1	1	-1	1	2	4	2	1	2	1	2	1	2	-1	1	1	-1
TCGA-EL-A3TB	1	-1	2	47	2	1	4	3	1	-1	2	1	1	2	1	2	1	2	2	-1	1	1	5	1	1	2	1	1	-1	1	2	3	2	1	2	1	2	1	1	-1	1	2	-1
TCGA-FY-A76V	1	-1	4	54	-1	1	1	2	-1	-1	2	1	1	1	1	1	2	2	2	-1	1	1	4	2	1	2	1	1	-1	1	2	1	1	1	3	1	2	1	2	-1	1	1	-1
TCGA-EL-A3T6	1	-1	1	34	2	1	1	1	1	-1	2	1	1	2	1	2	1	2	2	-1	1	2	5	1	1	2	1	1	-1	1	2	4	2	1	2	1	2	1	2	-1	1	2	-1
TCGA-EL-A3T7	1	-1	2	47	2	1	4	2	2	-1	2	1	1	2	1	2	1	2	2	-1	1	1	4	1	1	2	1	1	-1	1	2	4	2	1	2	1	2	1	2	-1	1	2	-1
TCGA-EL-A3T0	1	-1	2	45	2	1	4	3	1	-1	2	1	1	3	1	2	1	2	2	-1	1	1	5	1	1	2	1	1	-1	1	2	5	2	1	2	2	2	1	1	-1	1	2	-1
TCGA-EL-A3T1	1	-1	4	38	2	1	4	1	2	-1	2	1	1	3	1	2	2	2	2	-1	1	1	4	1	1	2	1	1	-1	1	2	4	2	1	2	1	2	1	1	-1	1	2	-1
TCGA-EL-A3T2	1	-1	2	55	2	1	1	3	1	-1	1	1	1	3	1	2	1	1	2	-1	1	2	4	1	1	2	1	1	-1	1	2	5	2	1	2	2	2	1	1	-1	1	2	-1
TCGA-EL-A3T3	1	-1	1	63	2	1	1	2	1	-1	2	1	1	3	1	2	1	2	2	-1	1	2	4	1	1	2	1	1	-1	1	2	4	2	1	2	1	2	1	2	-1	1	1	-1
TCGA-EM-A2P3	1	-1	2	47	-1	1	1	1	-1	-1	-1	1	1	1	2	2	-1	2	2	-1	1	-1	2	1	1	2	1	1	-1	1	2	1	2	1	3	1	2	1	2	-1	1	2	-1
TCGA-EL-A3T8	1	-1	1	36	2	1	1	1	1	-1	2	1	1	2	1	2	3	2	2	-1	1	1	4	1	1	2	1	1	-1	1	2	4	2	1	2	1	2	1	2	-1	1	1	-1
TCGA-J8-A4HY	1	-1	1	68	2	1	2	4	2	-1	2	1	1	1	1	2	1	2	2	-1	1	2	7	1	1	2	1	1	-1	1	2	2	2	1	3	1	2	1	1	-1	1	2	-1
TCGA-FY-A3I5	1	-1	2	64	-1	2	1	3	-1	-1	2	2	1	1	1	1	1	2	2	-1	1	1	5	2	3	2	1	1	-1	1	1	4	2	2	3	1	2	1	1	-1	1	2	-1
TCGA-FY-A3I4	1	-1	2	34	-1	1	1	1	-1	-1	-1	1	1	1	2	1	1	2	2	-1	1	1	4	2	1	2	1	1	-1	1	2	4	2	1	2	1	2	1	1	-1	1	2	-1
TCGA-DJ-A2Q5	1	-1	1	51	-1	1	1	4	-1	-1	-1	1	1	1	1	2	1	2	2	-1	1	1	4	1	1	2	1	1	-1	1	2	2	2	1	2	1	2	1	1	-1	1	1	-1
TCGA-DJ-A2Q4	1	-1	3	53	-1	1	1	3	-1	-1	-1	1	1	1	1	2	1	2	2	-1	1	1	2	1	1	2	1	1	-1	1	2	3	2	1	2	1	2	1	1	-1	1	1	-1
TCGA-DJ-A2Q7	1	-1	3	52	-1	1	4	3	-1	-1	-1	1	1	1	1	2	3	2	2	-1	1	1	4	1	1	2	1	1	-1	1	2	3	2	1	2	1	2	1	1	-1	1	2	-1
TCGA-DJ-A2Q6	1	-1	3	38	-1	1	4	1	-1	-1	-1	1	1	1	1	2	1	2	2	-1	1	1	2	1	1	2	1	1	-1	1	2	2	2	1	2	1	2	1	1	-1	1	2	-1
TCGA-DJ-A2Q1	1	-1	3	44	-1	1	1	1	-1	-1	-1	1	1	1	1	2	1	2	2	-1	1	1	2	1	1	2	1	1	-1	1	2	2	2	1	2	1	2	1	1	-1	1	2	-1
TCGA-DJ-A2Q0	1	-1	2	57	-1	1	1	2	-1	-1	-1	1	1	1	1	2	1	2	2	-1	1	1	4	1	1	2	1	1	-1	1	2	4	2	1	2	1	2	1	1	-1	1	2	-1
TCGA-DJ-A2Q3	1	-1	1	61	-1	1	4	3	-1	-1	-1	5	1	1	1	2	3	1	2	-1	1	1	5	1	1	2	1	1	-1	1	2	3	2	4	2	1	2	1	1	-1	1	2	-1
TCGA-DJ-A2PS	1	-1	3	40	-1	1	4	1	-1	-1	-1	1	1	1	1	2	1	2	2	-1	1	1	5	1	1	2	1	1	-1	1	2	3	2	1	2	1	2	1	1	-1	1	2	-1
TCGA-DJ-A2Q9	1	-1	2	65	-1	1	1	3	-1	-1	-1	5	1	1	1	2	1	2	2	-1	1	1	2	1	1	2	1	1	-1	1	2	3	2	4	2	1	2	1	1	-1	1	2	-1
TCGA-DJ-A2Q8	1	-1	1	47	-1	1	1	1	-1	-1	-1	5	1	1	1	2	-1	2	2	-1	1	1	8	1	1	2	1	1	-1	1	2	4	2	4	2	1	2	1	1	-1	1	2	-1
TCGA-BJ-A0Z0	1	-1	2	55	-1	1	1	2	-1	-1	-1	1	1	1	1	2	-1	2	2	-1	1	1	4	1	1	2	1	1	-1	1	2	4	2	1	3	1	2	1	1	-1	1	1	-1
TCGA-EM-A1YB	1	-1	1	73	-1	1	1	2	-1	-1	-1	2	1	1	2	2	-1	2	2	-1	1	-1	4	1	3	2	1	1	-1	1	1	1	2	2	3	1	2	1	2	-1	1	2	-1
TCGA-KS-A41J	1	-1	1	28	1	1	1	1	1	-1	2	1	1	3	2	2	1	2	2	-1	1	-1	4	1	1	2	1	1	-1	1	2	5	2	1	2	1	2	1	1	-1	1	2	-1
TCGA-KS-A41I	1	-1	2	47	1	1	1	1	1	-1	2	2	1	3	2	2	1	2	2	-1	1	-1	6	1	3	2	1	1	-1	1	1	4	2	2	2	1	2	1	1	-1	1	2	-1
TCGA-EM-A1YA	1	-1	2	74	-1	1	1	2	-1	-1	-1	2	1	1	2	2	-1	2	2	-1	1	-1	4	1	3	2	1	1	-1	1	1	1	2	2	3	1	2	1	2	-1	1	2	-1
TCGA-DE-A7U5	1	-1	2	36	2	1	-1	1	2	-1	2	1	1	1	2	1	2	2	2	-1	1	1	4	2	1	2	1	1	4	1	2	4	2	1	2	-1	3	1	1	-1	1	2	-1
TCGA-BJ-A0Z2	1	-1	1	57	-1	1	1	4	-1	-1	-1	6	1	1	1	2	2	1	2	4	1	1	4	1	3	2	1	1	-1	1	1	4	2	2	1	2	1	1	2	-1	1	1	-1
TCGA-EM-A1YD	1	-1	2	53	-1	1	1	2	-1	-1	-1	2	1	2	2	2	-1	2	2	-1	1	-1	4	1	3	2	1	1	-1	1	1	4	2	2	3	1	2	1	1	-1	1	2	-1
TCGA-KS-A41L	1	-1	2	39	1	1	1	1	1	-1	2	2	1	2	2	2	1	2	2	-1	1	-1	4	1	3	2	1	1	-1	1	1	4	2	2	2	1	2	1	1	-1	1	2	-1
TCGA-BJ-A0Z3	1	-1	1	33	-1	1	1	1	-1	-1	-1	1	1	1	1	2	1	2	2	-1	1	1	6	1	1	2	1	1	3	1	2	4	2	1	2	1	1	1	1	-1	1	2	-1
TCGA-KS-A41F	1	-1	1	37	1	1	1	1	1	-1	2	1	1	3	2	2	1	2	2	-1	1	-1	4	1	1	2	1	1	-1	1	2	5	2	1	2	1	2	1	1	-1	1	2	-1
TCGA-KS-A4IC	1	-1	1	45	1	1	1	3	1	-1	2	1	1	1	2	2	1	2	2	-1	1	-1	2	1	1	2	1	1	-1	1	2	3	2	1	2	-1	1	1	1	-1	1	2	-1
TCGA-KS-A4IB	1	-1	1	41	1	1	1	1	1	-1	2	1	1	2	2	2	3	2	2	-1	1	-1	4	1	1	2	1	1	-1	1	2	5	2	1	2	-1	2	1	1	-1	1	2	-1
TCGA-ET-A40T	1	-1	4	26	-1	1	1	1	-1	-1	2	1	1	1	1	2	1	2	2	-1	1	1	4	1	1	2	1	1	-1	1	2	3	2	1	3	1	1	1	1	-1	1	2	-1
TCGA-KS-A4ID	1	-1	2	55	1	1	1	1	2	-1	2	2	1	1	2	2	1	2	2	-1	1	-1	6	1	3	2	1	1	-1	1	1	4	2	2	2	1	2	1	1	-1	1	2	-1
TCGA-EM-A3AI	1	-1	2	67	-1	1	1	2	-1	-1	-1	2	1	1	2	2	1	2	2	-1	1	1	4	1	3	2	1	1	-1	1	1	1	2	2	3	1	2	1	2	-1	1	2	-1
TCGA-EM-A3AJ	1	-1	2	39	-1	1	1	1	-1	-1	-1	2	1	1	2	2	-1	2	2	-1	1	-1	5	1	3	2	1	1	-1	1	1	3	2	2	3	1	3	1	1	-1	1	1	-1
TCGA-EM-A3AK	1	-1	1	62	-1	1	1	1	-1	-1	-1	1	1	1	2	2	-1	2	2	-1	1	-1	2	1	1	2	1	1	-1	1	2	4	2	1	3	1	2	1	1	-1	1	2	-1
TCGA-BJ-A28R	1	-1	2	38	-1	1	-1	1	-1	-1	-1	1	1	1	1	2	1	2	2	-1	1	1	6	1	1	2	1	1	-1	1	2	4	2	1	2	1	-1	1	1	-1	1	2	-1
TCGA-BJ-A28S	1	-1	1	79	-1	1	-1	2	-1	-1	-1	1	1	1	1	2	1	2	2	-1	1	1	4	1	1	2	1	1	-1	1	2	4	2	1	2	1	-1	1	-1	-1	1	1	-1
TCGA-EM-A3OB	1	-1	4	33	2	1	1	1	2	-1	2	2	1	1	2	2	-1	2	2	-1	1	-1	4	1	3	2	1	1	-1	1	1	4	2	2	3	1	2	1	1	-1	1	2	-1
TCGA-EM-A3OA	1	-1	2	55	2	1	1	2	2	-1	2	2	1	1	2	2	-1	2	2	-1	1	-1	4	1	3	2	1	1	-1	1	1	4	2	2	3	1	2	1	1	-1	1	2	-1
TCGA-DJ-A4UR	1	-1	2	36	2	1	4	2	1	-1	2	2	1	1	1	2	3	1	2	2	1	1	5	1	3	2	1	1	-1	1	1	2	2	2	1	-1	2	1	1	-1	1	2	-1
TCGA-DJ-A4UQ	1	3	3	60	2	1	4	4	1	-1	2	3	1	1	1	2	3	2	2	-1	1	1	5	1	3	2	1	1	-1	1	1	2	2	3	2	2	2	1	1	2	1	1	-1
TCGA-DJ-A4UP	1	-1	2	15	2	1	1	1	1	-1	2	1	1	1	1	2	1	2	2	-1	1	1	2	1	1	2	1	1	-1	1	2	2	2	1	2	1	2	1	1	1	1	2	-1
TCGA-DJ-A4UW	1	-1	1	34	2	1	1	1	1	-1	2	5	1	1	1	2	3	2	2	-1	1	1	8	1	1	2	1	1	-1	1	2	2	2	4	2	1	3	1	1	1	1	2	-1
TCGA-DJ-A4UT	1	-1	2	32	2	1	1	1	2	-1	2	1	1	1	1	2	1	2	2	-1	1	1	8	1	1	2	1	1	-1	1	2	4	2	1	2	1	2	1	2	1	1	2	-1
TCGA-E8-A3X7	1	-1	2	57	-1	1	2	4	-1	-1	-1	1	1	1	1	1	1	2	2	-1	1	1	7	2	1	2	1	1	-1	1	2	4	2	1	2	2	1	1	2	-1	1	2	-1
TCGA-EM-A3O8	1	-1	2	33	2	1	1	1	2	-1	2	2	1	1	2	2	-1	2	2	-1	1	-1	2	1	3	2	1	1	-1	1	1	4	2	2	3	1	2	1	1	-1	1	2	-1
TCGA-EM-A3O9	1	-1	2	40	2	1	1	1	1	-1	2	2	1	1	2	2	-1	2	2	-1	1	-1	5	1	3	2	1	1	-1	1	1	4	2	2	3	1	2	1	1	-1	1	1	-1
TCGA-EM-A3O6	1	-1	2	54	2	1	1	2	1	-1	2	2	1	1	2	2	-1	2	2	-1	1	-1	4	1	3	2	1	1	-1	1	1	1	2	2	3	1	2	1	2	-1	1	2	-1
TCGA-EM-A3O7	1	-1	2	46	2	1	1	3	1	-1	2	1	1	1	2	2	-1	2	2	-1	1	-1	5	1	1	2	1	1	-1	1	2	1	2	1	3	1	2	1	2	-1	1	2	-1
TCGA-EM-A3O3	1	-1	2	83	2	1	1	3	1	-1	2	1	1	1	2	2	-1	2	2	-1	1	-1	4	1	1	2	1	1	-1	1	2	3	2	1	3	1	2	1	1	-1	1	2	-1
TCGA-DJ-A4UL	1	-1	1	68	2	1	1	1	2	-1	2	1	1	1	1	2	1	2	2	-1	1	1	2	1	1	2	1	1	-1	1	2	4	2	1	2	1	2	1	1	1	1	2	-1
TCGA-FY-A3BL	1	-1	2	29	-1	1	1	1	-1	-1	-1	1	1	1	2	1	1	2	2	-1	1	1	6	2	1	2	1	1	-1	1	2	1	2	1	2	1	2	1	2	-1	1	1	-1
TCGA-L6-A4ET	1	-1	2	49	2	1	1	4	1	-1	2	2	1	1	1	2	1	2	2	3	1	1	5	1	3	2	1	1	-1	1	1	1	1	2	1	1	2	1	2	1	1	2	-1
TCGA-L6-A4EQ	1	-1	4	47	2	1	1	3	1	-1	2	1	1	1	1	2	1	2	2	-1	1	1	4	1	1	2	1	1	-1	1	2	3	2	1	2	1	2	1	1	1	1	1	-1
TCGA-L6-A4EP	1	-1	2	41	2	1	1	1	1	-1	2	1	1	1	1	2	3	2	2	-1	1	1	4	1	1	2	1	1	-1	1	2	4	2	1	2	1	2	1	1	1	1	2	-1
TCGA-KS-A4I3	1	-1	1	41	1	1	4	1	1	-1	2	1	1	1	2	2	3	2	2	-1	1	-1	5	1	1	2	1	1	-1	1	2	5	2	1	2	1	3	1	1	-1	1	1	-1
TCGA-KS-A4I1	1	-1	2	37	1	1	1	1	1	-1	2	1	1	1	2	2	3	2	2	-1	1	-1	4	1	1	2	1	1	-1	1	2	4	2	1	2	-1	3	1	1	-1	1	2	-1
TCGA-KS-A4I7	1	-1	1	61	1	1	1	1	1	-1	2	1	1	1	2	2	1	2	2	-1	1	-1	2	1	1	2	1	1	-1	1	2	4	2	1	2	1	2	1	1	-1	1	2	-1
TCGA-KS-A4I5	1	-1	2	49	1	1	1	4	1	-1	2	1	1	1	2	2	1	2	2	-1	1	-1	2	1	1	2	1	1	-1	1	2	2	2	1	2	1	2	1	1	-1	1	2	-1
TCGA-KS-A4I9	1	-1	4	46	1	1	1	1	1	-1	2	1	1	2	2	2	2	2	2	-1	1	-1	2	1	1	2	1	1	-1	1	2	4	2	1	2	-1	2	1	1	-1	1	2	-1
TCGA-E8-A242	1	-1	1	56	-1	1	4	3	-1	-1	-1	1	1	1	1	1	1	2	2	-1	1	1	5	2	1	2	1	1	-1	1	2	4	2	1	3	1	3	1	1	-1	1	2	-1
TCGA-DJ-A13X	1	-1	2	51	-1	1	1	3	-1	-1	-1	2	1	1	1	2	-1	2	2	-1	1	1	5	1	3	2	1	1	-1	1	1	4	2	2	2	1	2	1	1	-1	1	2	-1
TCGA-CE-A3MD	1	-1	2	31	-1	1	1	1	-1	-1	-1	1	1	1	1	1	3	2	2	-1	1	1	4	2	1	2	1	1	-1	1	2	5	2	1	2	1	2	1	-1	-1	1	1	-1
TCGA-CE-A3ME	1	-1	2	51	-1	1	1	2	-1	-1	-1	1	1	1	1	1	3	2	2	-1	1	1	4	2	1	2	1	1	-1	1	2	4	2	1	2	1	2	1	2	-1	1	2	-1
TCGA-DJ-A13P	1	-1	2	52	-1	1	4	2	-1	-1	-1	1	1	3	1	2	1	2	2	-1	1	1	4	1	1	2	1	1	-1	1	2	4	2	1	2	1	2	1	2	-1	1	2	-1
TCGA-DJ-A13T	1	-1	2	37	-1	1	1	1	-1	-1	-1	1	1	1	1	2	1	2	2	-1	1	-1	4	1	1	2	1	1	-1	1	2	4	2	1	2	1	2	1	1	-1	1	2	-1
TCGA-DJ-A13R	1	-1	2	50	-1	1	1	3	-1	-1	-1	2	1	1	1	2	1	2	2	-1	1	1	5	1	3	2	1	1	-1	1	1	4	2	2	2	1	2	1	1	-1	1	1	-1
TCGA-DJ-A13S	1	-1	2	19	-1	1	1	1	-1	-1	-1	2	1	1	1	2	1	2	2	-1	1	2	2	1	3	2	1	1	-1	1	1	4	2	2	2	1	2	1	2	-1	1	2	-1
TCGA-EM-A4G1	1	-1	1	26	2	1	1	1	2	-1	2	2	1	1	2	2	-1	2	2	-1	1	-1	2	1	3	2	1	1	-1	1	1	4	2	2	3	1	2	1	1	1	1	2	-1
TCGA-DJ-A13U	1	-1	2	60	-1	1	4	3	-1	-1	-1	1	1	1	1	2	1	2	2	-1	1	1	5	1	1	2	1	1	-1	1	2	4	2	1	2	1	2	1	2	-1	1	1	-1
TCGA-DJ-A13V	1	-1	1	21	-1	1	4	1	-1	-1	-1	1	1	1	1	2	-1	2	2	-1	1	1	5	1	1	2	1	1	-1	1	2	3	2	1	2	2	2	1	1	-1	1	2	-1
TCGA-DJ-A13W	1	-1	1	45	-1	1	1	1	-1	-1	-1	2	1	1	1	2	1	2	2	-1	1	1	2	1	3	2	1	1	-1	1	1	4	2	2	2	1	2	1	1	-1	1	2	-1
TCGA-DJ-A13L	1	-1	2	85	2	1	1	1	2	-1	2	5	1	1	1	2	1	2	2	-1	1	1	2	1	1	2	1	1	-1	1	2	4	1	4	2	1	2	1	2	1	1	1	-1
TCGA-DJ-A13M	1	-1	1	28	-1	1	1	1	-1	-1	-1	2	1	1	1	2	1	2	2	-1	1	1	2	1	3	2	1	1	-1	1	1	4	2	2	2	1	2	1	1	-1	1	2	-1
TCGA-DJ-A13O	1	-1	2	56	-1	1	1	1	-1	-1	-1	1	1	1	1	2	1	2	2	-1	1	1	2	1	1	2	1	1	-1	1	2	4	2	1	2	1	2	1	1	-1	1	1	-1
TCGA-DE-A0XZ	1	-1	2	65	-1	1	1	3	-1	-1	-1	1	1	2	2	2	1	1	2	-1	1	1	6	1	1	2	1	1	-1	1	2	3	1	1	2	1	2	1	1	-1	1	2	-1
TCGA-EL-A4KH	1	-1	1	36	2	1	1	1	1	-1	2	1	1	1	2	2	1	2	2	-1	1	1	4	1	1	2	1	1	-1	1	2	4	2	1	2	1	2	1	2	-1	1	2	-1
TCGA-EL-A4KI	1	-1	3	63	2	1	4	3	1	-1	2	1	1	1	2	2	1	1	2	-1	1	1	5	1	1	2	1	1	-1	1	2	4	2	1	3	1	2	1	1	-1	1	1	-1
TCGA-EL-A4KG	1	-1	2	35	2	1	4	1	2	-1	2	1	1	1	2	2	1	2	2	-1	1	1	5	1	1	2	1	1	-1	1	2	4	2	1	2	1	2	1	1	-1	1	2	-1
TCGA-EL-A4KD	1	-1	1	41	2	1	4	1	1	-1	2	1	1	1	2	2	1	2	2	-1	1	1	5	1	1	2	1	1	-1	1	2	5	2	1	2	1	2	1	1	-1	1	1	-1
TCGA-J8-A3YH	2	-1	3	39	2	1	1	1	1	-1	2	1	1	1	2	2	1	2	2	-1	1	-1	5	1	1	2	1	1	-1	1	2	2	2	1	2	1	2	2	1	1	1	1	-1
TCGA-FK-A3SH	1	-1	3	50	2	1	1	3	1	-1	2	1	1	2	1	2	1	2	2	-1	1	1	4	1	1	2	1	1	-1	1	2	3	2	1	3	1	2	1	1	1	1	2	-1
TCGA-FK-A3SB	1	-1	2	28	2	1	4	1	1	-1	2	1	1	2	1	2	3	2	2	-1	1	1	5	1	1	2	1	1	-1	1	2	3	2	1	3	1	2	1	1	1	1	2	-1
TCGA-J8-A3YD	1	-1	2	47	2	1	1	3	1	-1	2	1	1	2	1	2	1	2	2	-1	1	-1	2	1	1	2	1	1	8	1	2	3	2	1	2	1	2	1	1	1	1	2	-1
TCGA-J8-A3YE	1	-1	1	31	2	1	4	1	1	-1	2	1	1	1	1	2	1	2	2	-1	1	-1	5	1	1	2	1	1	-1	1	2	5	2	1	2	1	2	1	1	1	1	2	-1
TCGA-FK-A3SE	1	-1	3	31	2	1	1	1	1	-1	2	1	1	2	1	2	3	2	2	-1	1	1	4	1	1	2	1	1	-1	1	2	3	2	1	3	1	2	1	1	1	1	2	-1
TCGA-FK-A3SD	1	-1	1	61	2	1	-1	1	2	-1	2	1	1	2	1	2	1	2	2	-1	1	1	6	1	1	2	1	1	-1	1	2	4	1	1	2	1	2	1	2	1	1	2	-1
TCGA-J8-A3O2	1	-1	3	39	-1	1	4	1	-1	-1	-1	1	1	1	1	2	1	2	2	-1	1	1	5	1	1	2	1	1	-1	1	2	2	2	1	2	2	3	1	1	-1	1	1	-1
TCGA-J8-A3O0	1	-1	2	38	-1	1	1	1	-1	-1	-1	2	1	2	1	2	1	2	2	-1	1	1	4	1	1	2	1	1	-1	1	2	4	2	1	2	1	2	1	1	-1	1	1	-1
TCGA-J8-A3O1	1	-1	1	33	-1	1	1	1	-1	-1	-1	1	1	1	1	2	1	2	2	-1	1	2	5	1	1	2	1	1	6	1	2	2	2	1	2	1	2	1	1	-1	1	2	-1
TCGA-FY-A3TY	1	-1	2	61	-1	1	4	3	-1	-1	2	1	1	1	2	1	1	2	2	-1	1	1	5	2	1	2	1	1	-1	1	2	4	2	1	3	-1	2	1	1	-1	1	2	-1
TCGA-ET-A2N5	1	-1	2	46	-1	1	4	3	-1	-1	-1	2	1	2	1	2	2	2	2	-1	1	1	5	1	3	2	1	1	-1	1	1	1	2	2	3	1	1	1	2	-1	1	2	-1
TCGA-ET-A2N4	1	-1	2	53	-1	1	4	3	-1	-1	-1	2	1	2	1	2	1	2	2	-1	1	1	5	1	3	2	1	1	-1	1	1	4	2	2	3	1	1	1	1	-1	1	2	-1
TCGA-ET-A2N3	1	-1	1	34	2	2	1	1	1	-1	2	2	1	2	1	2	1	2	2	-1	1	1	4	1	3	2	1	1	-1	1	1	1	2	2	3	1	1	1	2	1	1	2	-1
TCGA-ET-A2N1	1	-1	1	47	-1	1	1	3	-1	-1	-1	1	1	1	1	2	3	2	2	-1	1	1	4	1	1	2	1	1	-1	1	2	3	2	1	3	1	2	1	1	-1	1	2	-1
TCGA-ET-A2N0	1	-1	2	51	-1	1	1	3	-1	-1	-1	1	1	1	1	2	1	2	2	-1	1	1	2	1	1	2	1	1	-1	1	2	3	2	1	3	1	2	1	1	-1	1	2	-1
TCGA-FK-A3S3	1	-1	1	43	2	1	4	1	1	-1	2	2	1	2	1	2	2	2	2	-1	1	1	5	1	3	2	1	1	-1	1	1	2	2	2	3	1	2	1	1	2	1	2	-1
TCGA-EL-A4K9	1	-1	2	68	2	1	4	2	1	-1	2	1	1	1	2	2	1	2	2	-1	1	1	4	1	1	2	1	1	-1	1	2	4	2	1	2	1	2	1	2	-1	1	1	-1
TCGA-E8-A2EA	1	-1	2	52	-1	1	1	1	-1	-1	-1	1	1	1	1	1	1	2	2	-1	1	1	2	2	1	2	1	1	-1	1	2	4	2	1	2	1	2	1	1	-1	1	2	-1
TCGA-EL-A4K2	1	-1	1	43	2	1	1	1	2	-1	2	1	1	1	2	2	1	2	2	-1	1	1	6	1	1	2	1	1	-1	1	2	4	2	1	2	1	2	1	1	-1	1	2	-1
TCGA-EL-A4K0	1	-1	2	54	2	1	1	1	2	-1	2	1	1	1	2	2	1	2	2	-1	1	1	6	1	1	2	1	1	-1	1	2	4	2	1	2	1	1	1	1	-1	1	2	-1
TCGA-EL-A4K1	1	-1	2	68	2	1	1	3	2	-1	2	1	1	1	2	2	1	2	2	-1	1	1	5	1	1	2	1	1	-1	1	2	5	2	1	2	1	2	1	1	-1	1	2	-1
TCGA-FY-A3NN	1	-1	2	48	-1	1	1	3	-1	-1	-1	1	1	1	2	1	-1	2	2	-1	1	-1	2	2	1	2	1	1	-1	1	2	3	2	1	3	-1	2	1	1	-1	1	2	-1
TCGA-EL-A4K7	1	-1	1	74	2	1	4	3	2	-1	2	1	1	2	2	2	1	2	2	-1	1	1	4	1	1	2	1	1	-1	1	2	5	2	1	2	1	2	1	1	-1	1	1	-1
TCGA-IM-A3U2	1	-1	3	89	-1	1	4	4	-1	-1	-1	5	1	1	1	1	1	2	2	-1	1	2	5	2	1	2	1	1	-1	1	2	2	2	4	3	1	2	1	1	-1	1	2	-1
TCGA-IM-A3U3	1	-1	3	55	-1	1	1	1	-1	-1	-1	5	1	1	1	1	1	2	2	-1	1	2	2	2	1	2	1	1	-1	1	2	4	2	4	3	1	1	1	1	-1	1	2	-1
TCGA-FY-A3NP	1	-1	2	69	-1	1	1	1	-1	-1	-1	2	1	1	2	1	1	2	2	-1	1	1	6	2	3	2	1	1	-1	1	1	4	2	2	2	1	2	1	2	-1	1	1	-1
TCGA-BJ-A2P4	1	-1	1	29	-1	1	-1	1	-1	-1	-1	1	1	1	1	2	1	2	2	-1	1	1	4	1	1	2	1	1	-1	1	2	4	2	1	2	1	2	1	2	-1	1	2	-1
TCGA-E3-A3DY	1	5	3	37	-1	1	1	1	-1	-1	-1	2	1	2	2	2	1	2	2	-1	1	1	5	1	1	2	1	1	-1	1	2	3	2	3	2	1	2	1	1	-1	1	1	-1
TCGA-E3-A3DZ	1	-1	2	55	-1	1	1	3	-1	-1	-1	2	1	1	2	2	1	2	2	-1	1	1	5	1	3	2	1	1	-1	1	1	4	2	2	2	1	2	1	1	-1	1	2	-1
TCGA-BJ-A3F0	1	-1	2	64	-1	1	1	1	-1	-1	-1	1	1	1	1	1	1	2	2	-1	1	1	2	2	1	2	1	1	-1	1	2	4	2	1	2	1	2	1	2	-1	1	2	-1
TCGA-J8-A3YF	1	-1	3	83	2	1	1	3	1	-1	2	1	1	2	1	2	1	2	2	-1	1	1	6	1	1	2	1	1	6	1	2	5	1	1	2	1	2	1	1	1	1	1	-1
TCGA-IM-A420	1	-1	3	39	2	1	1	1	2	-1	2	1	1	1	1	1	1	2	2	-1	1	2	4	2	1	2	1	1	-1	1	2	3	2	1	3	1	2	1	1	-1	1	2	-1
TCGA-ET-A25J	1	-1	2	40	-1	1	1	1	-1	-1	-1	1	1	2	1	2	1	2	2	-1	1	1	4	1	1	2	1	1	-1	1	2	3	2	1	3	1	2	1	1	-1	1	2	-1
TCGA-DO-A2HM	1	-1	1	49	-1	2	1	4	-1	-1	-1	1	1	1	2	2	1	2	2	-1	1	1	2	1	1	2	1	1	-1	1	2	2	2	1	3	-1	1	1	1	-1	1	1	-1
TCGA-ET-A25K	1	-1	2	36	-1	1	1	1	-1	-1	-1	1	1	2	1	2	1	2	2	-1	1	1	4	1	1	2	1	1	-1	1	2	3	2	1	3	1	2	1	1	-1	1	2	-1
TCGA-H2-A422	1	-1	2	40	2	1	1	1	1	-1	2	1	1	1	2	1	1	2	2	-1	1	1	4	2	1	2	1	1	-1	1	2	4	2	1	3	-1	1	1	1	-1	1	2	-1
TCGA-H2-A421	1	-1	2	34	2	1	1	1	1	-1	2	1	1	1	2	1	1	2	2	-1	1	2	2	2	1	2	1	1	-1	1	2	3	2	1	2	-1	-1	1	1	-1	1	2	-1
TCGA-DJ-A1QE	1	-1	2	62	-1	1	4	3	-1	-1	-1	1	1	2	1	2	1	2	2	-1	1	-1	5	1	1	2	1	1	-1	1	2	4	2	1	2	1	2	1	2	-1	1	2	-1
TCGA-EM-A3FK	1	-1	4	30	-1	1	1	1	-1	-1	-1	1	1	1	2	2	-1	2	2	-1	1	-1	2	1	1	2	1	1	-1	1	2	2	2	1	3	1	2	1	1	-1	1	2	-1
TCGA-DJ-A1QM	1	-1	3	42	-1	1	1	1	-1	-1	-1	2	1	1	1	2	1	2	2	-1	1	1	8	1	3	2	1	1	-1	1	1	4	2	2	2	1	2	1	1	-1	1	1	-1
TCGA-EM-A3FL	1	-1	1	63	-1	1	1	1	-1	-1	-1	2	1	1	2	2	-1	2	2	-1	1	-1	2	1	3	2	1	1	-1	1	1	1	2	2	3	1	2	1	2	-1	1	2	-1
TCGA-EM-A3FO	1	-1	4	40	-1	1	1	1	-1	-1	-1	1	1	1	2	2	-1	2	2	-1	1	-1	5	1	1	2	1	1	-1	1	2	4	2	1	3	1	2	1	1	-1	1	1	-1
TCGA-DJ-A1QI	1	-1	2	63	-1	1	1	2	-1	-1	-1	1	1	1	1	2	1	2	2	-1	1	1	4	1	1	2	1	1	-1	1	2	4	2	1	2	1	2	1	2	-1	1	2	-1
TCGA-FY-A40N	1	-1	3	55	-1	1	1	1	-1	-1	2	2	1	1	2	1	1	2	2	-1	1	1	8	2	3	2	1	1	-1	1	1	4	2	2	3	1	2	1	1	-1	1	2	-1
TCGA-FY-A40M	1	-1	3	51	2	1	1	1	1	-1	2	1	1	1	2	1	1	2	2	-1	1	1	2	2	1	2	1	1	-1	1	2	4	2	1	3	1	2	1	1	1	1	2	-1
TCGA-FY-A40L	1	-1	3	55	2	1	2	4	1	-1	2	1	1	1	2	1	1	2	2	-1	1	1	7	2	1	2	1	1	-1	1	2	2	2	1	3	1	1	1	1	1	1	2	-1
TCGA-FY-A40K	1	-1	2	46	2	1	1	1	1	-1	2	1	1	1	2	1	1	2	2	-1	1	1	8	2	1	2	1	1	-1	1	2	4	2	1	3	1	2	1	1	1	1	2	-1
TCGA-ET-A3BX	1	-1	1	24	-1	1	4	1	-1	-1	-1	1	1	1	1	2	1	2	2	-1	1	2	5	1	1	2	1	1	-1	1	2	3	2	1	3	1	2	1	1	-1	1	1	-1
TCGA-ET-A3BV	1	-1	1	47	-1	1	1	3	-1	-1	-1	1	1	2	1	2	1	1	2	-1	1	1	4	1	1	2	1	1	-1	1	2	3	1	1	3	1	2	1	1	-1	1	2	-1
TCGA-ET-A3BW	1	-1	1	30	-1	1	1	1	-1	-1	-1	1	1	1	1	2	1	2	2	-1	1	1	4	1	1	2	1	1	-1	1	2	1	2	1	3	1	2	1	2	-1	1	2	-1
TCGA-ET-A3BT	1	-1	4	60	-1	1	1	4	-1	-1	-1	5	1	2	1	2	1	1	2	-1	1	1	4	1	1	2	1	1	-1	1	2	2	2	4	3	1	2	1	1	-1	1	2	-1
TCGA-ET-A3BU	1	-1	1	28	-1	1	1	1	-1	-1	-1	1	1	2	1	2	1	2	2	-1	1	1	6	1	1	2	1	1	-1	1	2	3	2	1	3	1	2	1	1	-1	1	1	-1
TCGA-ET-A3BS	1	-1	1	42	-1	1	4	1	-1	-1	-1	1	1	1	1	2	3	2	2	-1	1	1	5	1	1	2	1	1	-1	1	2	3	2	1	3	1	2	1	1	-1	1	1	-1
TCGA-ET-A3BP	1	-1	1	34	-1	1	1	1	-1	-1	-1	1	1	2	1	2	1	2	2	-1	1	2	4	1	1	2	1	1	-1	1	2	3	2	1	3	1	2	1	1	-1	1	2	-1
TCGA-ET-A3BQ	1	-1	2	27	-1	2	1	1	-1	-1	-1	1	1	2	1	2	1	2	2	-1	1	1	4	1	1	2	1	1	-1	1	2	4	2	1	3	1	2	1	1	-1	1	2	-1
TCGA-ET-A3BN	1	-1	2	33	-1	1	1	1	-1	-1	-1	1	1	2	1	2	3	2	2	-1	1	1	4	1	1	2	1	1	-1	1	2	1	2	1	3	1	2	1	2	-1	1	2	-1
TCGA-ET-A3BO	1	-1	1	44	-1	1	4	1	-1	-1	-1	5	1	1	1	2	1	2	2	-1	1	1	5	1	1	2	1	1	-1	1	2	3	1	4	3	1	3	1	1	-1	1	2	-1
TCGA-BJ-A3PR	1	-1	2	69	2	1	1	1	2	-1	2	1	1	1	1	1	1	2	2	-1	1	1	8	2	1	2	1	1	-1	1	2	4	2	1	2	1	2	1	1	1	1	2	-1
TCGA-DJ-A4V4	1	-1	3	48	2	1	1	1	2	-1	2	5	1	1	1	2	1	2	2	-1	1	1	8	1	1	2	1	1	-1	1	2	4	2	4	2	1	2	1	2	1	1	2	-1
TCGA-DJ-A4V5	1	-1	2	55	2	1	4	4	1	-1	2	1	1	1	1	2	1	2	2	-1	1	1	5	1	1	2	1	1	-1	1	2	2	2	1	2	1	2	1	1	1	1	1	-1
TCGA-DJ-A4V2	1	-1	2	38	2	1	1	1	2	-1	2	1	1	1	1	2	-1	2	2	-1	1	1	4	1	1	2	1	1	-1	1	2	4	2	1	2	1	2	1	1	1	1	2	-1
TCGA-DJ-A4V0	1	-1	1	36	2	1	1	1	2	-1	2	1	1	1	1	2	3	2	2	-1	1	1	4	1	1	2	1	1	-1	1	2	4	2	1	2	1	2	1	2	1	1	2	-1
TCGA-BJ-A190	1	-1	3	55	-1	1	1	2	-1	-1	-1	1	1	1	1	2	1	2	2	-1	1	1	4	1	1	2	1	1	1	1	2	4	2	1	3	1	2	1	1	-1	1	1	-1
TCGA-DJ-A3V4	1	-1	1	60	2	1	4	3	1	-1	2	5	1	1	1	2	1	2	2	-1	1	1	5	1	1	2	1	1	-1	1	2	3	1	4	2	1	2	1	1	1	1	2	-1
TCGA-DJ-A3V7	1	-1	2	44	2	1	4	3	1	-1	2	5	1	1	1	2	1	2	2	-1	1	1	5	1	1	2	1	1	-1	1	2	4	2	4	2	1	2	1	1	1	1	2	-1
TCGA-EL-A3CO	1	-1	3	88	2	1	4	3	1	-1	2	1	1	3	1	2	1	-1	1	-1	2	1	5	1	1	2	1	1	-1	1	2	2	2	1	2	-1	3	1	1	-1	1	1	11
TCGA-FY-A3RA	1	-1	1	21	2	1	1	1	1	-1	2	1	1	1	1	1	1	2	2	-1	1	1	4	2	1	2	1	1	-1	1	2	1	2	1	3	1	2	1	2	1	1	2	-1
TCGA-J8-A4HW	1	-1	1	59	2	1	1	3	1	-1	2	1	1	1	1	2	1	2	2	-1	1	-1	4	1	1	2	1	1	-1	1	2	5	1	1	2	1	2	1	1	1	1	2	-1
TCGA-FK-A4UB	1	-1	2	51	2	1	4	3	1	-1	2	1	1	2	1	2	1	2	2	3	1	1	5	1	1	2	1	1	-1	1	2	3	2	1	3	1	3	1	1	2	1	1	-1
TCGA-EL-A3GY	1	-1	2	40	2	1	1	2	1	-1	2	1	1	2	2	2	1	2	2	-1	1	1	6	1	1	2	1	1	-1	1	2	5	2	1	1	1	2	1	2	-1	1	2	-1
TCGA-EL-A3GX	1	-1	2	41	2	1	1	1	1	-1	1	1	1	3	2	2	1	1	2	-1	1	1	4	1	1	2	1	1	-1	1	2	5	2	1	2	1	2	1	1	-1	1	2	-1
TCGA-EL-A3GZ	1	-1	1	34	2	1	1	1	1	-1	2	1	1	2	2	2	1	2	2	-1	1	1	6	1	1	2	1	1	-1	1	2	4	2	1	2	1	2	1	2	1	1	2	-1
TCGA-EL-A3GU	1	-1	1	72	2	1	4	3	2	-1	1	1	1	3	2	2	1	1	2	-1	1	2	5	1	1	2	1	1	-1	1	2	5	2	1	2	2	2	1	1	-1	1	2	-1
TCGA-DJ-A3V9	1	-1	3	50	2	1	1	4	1	-1	2	1	1	1	1	2	1	2	2	-1	1	1	4	1	1	2	1	1	-1	1	2	2	2	1	2	1	2	1	1	1	1	2	-1
TCGA-EL-A3GW	1	-1	2	37	2	1	1	1	1	-1	2	1	1	2	2	2	1	2	2	-1	1	2	4	1	1	2	1	1	-1	1	2	4	2	1	2	1	2	1	2	-1	1	2	-1
TCGA-EL-A3GV	1	-1	1	65	2	1	4	3	1	-1	2	1	1	2	2	2	1	2	2	-1	1	1	5	1	1	2	1	1	-1	1	2	4	2	1	2	1	2	1	1	-1	1	2	-1
TCGA-EL-A3GQ	1	-1	2	72	2	1	1	1	2	-1	2	2	1	1	2	2	1	2	2	-1	1	1	6	1	3	2	1	1	-1	1	1	4	1	2	2	1	2	1	1	-1	1	2	-1
TCGA-EL-A3GP	1	-1	2	70	2	1	4	3	2	-1	2	1	1	2	2	2	2	2	2	-1	1	1	5	1	1	2	1	1	-1	1	2	3	2	1	2	-1	2	1	1	-1	1	1	-1
TCGA-EL-A3GS	1	-1	3	37	2	1	4	1	1	-1	2	1	1	2	2	2	1	2	2	-1	1	2	5	1	1	2	1	1	-1	1	2	5	2	1	2	1	2	1	1	-1	1	2	-1
TCGA-EL-A3GR	1	-1	2	31	2	1	4	1	1	-1	2	1	1	2	2	2	1	2	2	-1	1	1	5	1	1	2	1	1	-1	1	2	1	2	1	2	1	2	1	2	-1	1	2	-1
TCGA-FE-A234	1	-1	2	26	-1	1	1	1	-1	-1	-1	1	1	2	2	2	1	1	2	-1	1	1	4	1	1	2	1	1	-1	1	2	5	2	1	3	2	2	1	1	-1	1	2	-1
TCGA-FE-A235	1	-1	4	26	-1	1	1	1	-1	-1	-1	1	1	3	1	2	1	2	2	-1	1	1	4	1	1	2	1	1	-1	1	2	5	2	1	3	1	2	1	1	-1	1	2	-1
TCGA-EL-A3GO	1	-1	2	31	2	1	1	1	2	-1	2	1	1	2	2	2	1	1	2	-1	1	2	4	1	1	2	1	1	-1	1	2	4	2	1	2	1	2	1	1	-1	1	2	-1
TCGA-FE-A237	1	-1	3	19	-1	1	4	1	-1	-1	-1	1	1	2	1	2	1	1	2	-1	1	1	5	1	1	2	1	1	-1	1	2	5	2	1	3	2	2	1	1	-1	1	2	-1
TCGA-FE-A230	1	-1	1	30	-1	1	1	1	-1	-1	-1	1	1	2	2	2	1	1	2	-1	1	1	5	1	1	2	1	1	-1	1	2	3	2	1	3	1	2	1	1	-1	1	2	-1
TCGA-FE-A231	1	-1	2	70	-1	1	1	4	-1	-1	-1	1	1	1	2	2	1	2	2	-1	1	1	5	1	1	2	1	1	-1	1	2	2	2	1	3	1	2	1	1	-1	1	1	-1
TCGA-FE-A232	1	-1	2	44	-1	1	4	1	-1	-1	-1	1	1	2	2	2	1	2	2	-1	1	1	5	1	1	2	1	1	-1	1	2	1	2	1	3	1	2	1	2	-1	1	2	-1
TCGA-FE-A233	1	-1	2	18	-1	1	1	1	-1	-1	-1	1	1	2	2	2	1	1	2	-1	1	1	4	1	1	2	1	1	-1	1	2	1	2	1	3	1	2	1	2	-1	1	2	-1
TCGA-FE-A238	1	-1	3	36	-1	1	4	1	-1	-1	-1	1	1	2	1	2	1	1	2	2	1	1	5	1	1	2	1	1	-1	1	2	4	2	1	3	2	2	1	1	-1	1	2	-1
TCGA-FE-A239	1	-1	2	82	-1	1	1	3	-1	-1	-1	1	1	2	1	2	1	1	1	-1	2	1	5	1	1	2	1	1	-1	1	2	4	2	1	3	2	2	1	1	-1	1	1	2
TCGA-FE-A23A	1	-1	2	27	-1	1	1	1	-1	-1	-1	1	1	2	1	2	1	2	2	-1	1	1	4	1	1	2	1	1	-1	1	2	4	2	1	3	1	2	1	1	-1	1	2	-1
TCGA-CE-A13K	1	-1	1	30	-1	1	4	1	-1	-1	-1	1	1	2	1	1	3	2	2	-1	1	1	5	2	1	2	1	1	-1	1	2	5	1	1	2	1	2	1	1	-1	1	2	-1
TCGA-EL-A3T9	1	-1	1	69	-1	1	3	4	-1	-1	2	1	1	2	1	2	1	-1	1	-1	2	1	3	1	1	2	1	1	-1	1	2	5	2	1	3	2	3	1	2	-1	1	2	1
TCGA-H2-A2K9	1	-1	3	25	-1	1	1	1	-1	-1	-1	1	1	1	2	1	1	2	2	-1	1	1	4	2	1	2	1	1	-1	1	2	2	2	1	3	-1	-1	1	1	-1	1	1	-1
TCGA-EL-A4JZ	1	-1	4	55	2	1	4	3	2	-1	2	1	1	2	2	2	1	2	2	-1	1	1	5	1	1	2	1	1	-1	1	2	3	2	1	2	1	2	1	1	-1	1	2	-1
TCGA-CE-A482	1	-1	2	27	2	1	1	1	2	-1	2	1	1	1	1	1	3	2	2	-1	1	1	6	2	1	2	1	1	-1	1	2	5	2	1	2	1	2	1	1	-1	1	2	-1
TCGA-CE-A483	1	-1	1	34	2	1	1	1	2	-1	2	1	1	1	1	1	3	2	2	-1	1	1	4	2	1	2	1	1	-1	1	2	5	2	1	2	1	2	1	1	-1	1	2	-1
TCGA-CE-A481	1	-1	1	41	-1	1	1	1	-1	-1	2	1	1	1	1	1	3	2	2	-1	1	1	6	2	1	2	1	1	-1	1	2	4	2	1	2	1	2	1	2	-1	1	2	-1
TCGA-ET-A4KN	1	-1	2	51	2	1	4	3	1	-1	2	5	1	1	1	2	1	2	2	-1	1	-1	5	1	1	2	1	1	-1	1	2	4	2	4	3	1	2	1	1	1	1	2	-1
TCGA-E8-A436	1	-1	3	53	-1	1	1	4	-1	-1	2	1	1	1	1	1	3	2	2	-1	1	1	4	2	1	2	1	1	-1	1	2	2	2	1	2	1	2	1	1	-1	1	2	-1
TCGA-E8-A437	1	-1	2	57	-1	1	1	1	-1	-1	2	1	1	1	1	1	1	2	2	-1	1	-1	1	2	1	2	1	1	-1	1	2	1	2	1	2	1	1	1	2	-1	1	2	-1
TCGA-E8-A434	1	-1	1	56	-1	1	1	1	-1	-1	2	1	1	1	1	1	3	2	2	-1	1	1	8	2	1	2	1	1	-1	1	2	4	2	1	2	1	2	1	2	-1	1	2	-1
TCGA-E8-A432	1	-1	1	57	-1	1	1	2	-1	-1	2	1	1	1	1	1	3	1	2	-1	1	1	4	2	1	2	1	1	-1	1	2	4	2	1	2	1	2	1	2	-1	1	2	-1
TCGA-E8-A433	1	-1	2	25	2	1	1	1	2	-1	2	1	1	1	1	1	3	2	2	-1	1	1	4	2	1	2	1	1	-1	1	2	4	2	1	2	1	2	1	1	-1	1	2	-1
TCGA-E8-A438	1	-1	1	23	-1	1	1	1	-1	-1	2	1	1	1	1	1	1	2	2	-1	1	1	2	2	1	2	1	1	-1	1	2	4	2	1	2	1	2	1	1	-1	1	2	-1
TCGA-J8-A3NZ	1	-1	1	52	-1	1	4	3	-1	-1	-1	1	1	1	2	2	1	2	2	-1	1	1	5	1	1	2	1	1	-1	1	2	3	1	1	2	-1	2	1	1	-1	1	2	-1
TCGA-FK-A3SG	1	-1	2	21	-1	1	1	1	-1	-1	-1	1	1	2	1	2	1	2	2	-1	1	1	4	1	1	2	1	1	-1	1	2	2	2	1	3	1	2	1	1	-1	1	2	-1
TCGA-DJ-A2Q2	1	-1	2	57	-1	1	1	3	-1	-1	-1	2	1	1	1	2	1	2	2	-1	1	1	5	1	3	2	1	1	-1	1	1	4	2	2	2	1	2	1	1	-1	1	2	-1
TCGA-EL-A4K4	1	-1	1	33	2	1	4	1	1	-1	2	1	1	1	2	2	1	2	2	-1	1	2	5	1	1	2	1	1	-1	1	2	5	2	1	2	1	2	1	1	-1	1	2	-1
TCGA-J8-A3YG	1	-1	3	54	2	1	1	3	1	-1	2	1	1	1	1	2	1	2	2	-1	1	-1	4	1	1	2	1	1	4	1	2	3	2	1	2	1	2	1	1	1	1	2	-1
TCGA-DE-A4MB	1	-1	1	79	2	1	4	4	1	-1	2	1	1	1	2	1	1	2	2	-1	1	2	5	2	1	2	1	1	-1	1	2	2	2	1	2	2	3	1	1	2	1	2	-1
TCGA-EL-A3H1	1	-1	2	66	2	1	1	1	1	-1	2	1	1	4	2	2	2	-1	1	-1	2	1	6	1	1	2	1	1	-1	1	2	4	2	1	2	1	2	1	2	-1	1	2	7
TCGA-EL-A3H2	1	-1	2	58	2	1	1	2	1	-1	2	1	1	3	2	2	1	-1	1	-1	2	1	4	1	1	1	1	1	-1	1	2	4	1	1	3	2	2	1	2	-1	1	1	9
TCGA-EL-A3H3	1	-1	4	19	2	1	1	1	1	-1	2	1	1	2	2	2	1	2	2	-1	1	1	4	1	1	2	1	1	-1	1	2	5	2	1	2	1	2	1	1	-1	1	2	-1
TCGA-EL-A3H4	1	-1	2	46	2	1	2	4	1	-1	2	1	1	2	2	2	2	2	2	-1	1	1	7	1	1	2	1	1	-1	1	2	5	2	1	2	1	2	1	1	-1	1	2	-1
TCGA-EL-A3H5	1	-1	2	57	2	1	2	4	1	-1	2	1	1	2	2	2	1	2	2	-1	1	1	3	1	1	2	1	1	-1	1	2	5	2	1	2	1	3	1	1	-1	1	2	-1
TCGA-DE-A4MD	1	-1	2	71	2	1	1	4	1	-1	1	1	1	1	2	1	1	1	2	-1	1	1	5	2	1	2	1	1	-1	1	2	2	2	1	2	2	2	1	1	2	1	1	-1
TCGA-EL-A3H7	1	-1	2	36	2	1	4	1	2	-1	2	1	1	3	2	2	1	2	2	-1	1	1	5	1	1	2	1	1	-1	1	2	5	2	1	2	1	2	1	1	-1	1	2	-1
TCGA-EL-A3H8	1	-1	1	35	2	1	4	1	-1	-1	2	1	1	3	2	2	1	2	2	-1	1	1	5	1	1	2	1	1	-1	1	2	5	1	1	2	1	2	1	1	-1	1	2	-1
TCGA-EL-A3ZT	1	-1	1	35	2	1	4	1	1	-1	2	1	1	2	2	2	1	2	2	-1	1	2	5	1	1	2	1	1	-1	1	2	4	2	1	2	1	2	1	2	-1	1	1	-1
TCGA-EL-A3ZR	1	-1	1	46	2	1	1	2	1	-1	2	1	1	2	2	2	1	2	2	-1	1	1	4	1	1	2	1	1	-1	1	2	4	2	1	2	1	2	1	2	-1	1	2	-1
TCGA-EL-A3ZS	1	-1	4	22	2	1	1	1	1	-1	2	1	1	2	2	2	1	2	2	-1	1	1	8	1	1	2	1	1	-1	1	2	5	2	1	2	1	2	1	1	-1	1	2	-1
TCGA-EL-A3ZP	1	-1	2	19	2	1	2	1	1	-1	2	1	1	2	2	2	1	2	2	-1	1	1	3	1	1	2	1	1	-1	1	2	5	2	1	2	1	2	1	1	-1	1	1	-1
TCGA-EL-A3ZQ	1	-1	2	78	2	1	1	2	1	-1	2	1	1	2	2	2	1	2	2	-1	1	1	4	1	1	2	1	1	-1	1	2	4	2	1	2	1	2	1	1	-1	1	2	-1
TCGA-EL-A3ZN	1	-1	1	28	2	1	4	1	2	-1	2	1	1	2	2	2	1	2	2	-1	1	1	5	1	1	2	1	1	-1	1	2	5	2	1	2	1	2	1	1	-1	1	2	-1
TCGA-IM-A4EB	1	8	2	37	2	1	4	1	1	-1	2	3	1	1	1	1	1	2	2	-1	1	2	5	2	3	2	1	1	-1	1	1	2	2	3	3	1	2	1	1	1	1	1	-1
TCGA-EL-A3ZL	1	-1	2	34	2	1	1	1	1	-1	2	1	1	2	2	2	1	2	2	-1	1	1	6	1	1	2	1	1	-1	1	2	5	2	1	2	-1	2	1	1	-1	1	2	-1
TCGA-FY-A3ON	1	-1	3	20	-1	1	1	1	-1	-1	-1	1	1	1	2	1	1	2	2	-1	1	2	4	2	1	2	1	1	-1	1	2	5	2	1	3	1	2	1	1	-1	1	1	-1
TCGA-BJ-A2N7	1	-1	3	30	1	1	4	1	1	-1	2	1	1	1	1	1	1	2	2	-1	1	1	5	2	1	2	1	1	-1	1	2	4	2	1	2	2	2	1	2	2	1	2	-1
TCGA-EL-A3ZH	1	-1	1	42	2	1	4	1	1	-1	2	1	1	2	2	2	1	2	2	-1	1	1	5	1	1	2	1	1	-1	1	2	5	2	1	2	1	2	1	1	-1	1	2	-1
TCGA-EL-A3ZG	1	-1	1	15	2	1	4	1	1	-1	2	1	1	2	2	2	3	2	2	-1	1	1	5	1	1	2	1	1	9	1	2	4	2	1	2	1	2	1	2	-1	1	1	-1
TCGA-BJ-A2N8	1	-1	2	30	-1	1	-1	1	-1	-1	-1	1	1	1	1	1	1	2	2	-1	1	1	2	2	1	2	1	1	-1	1	2	4	2	1	2	1	-1	1	1	-1	1	2	-1
TCGA-BJ-A2N9	1	-1	2	42	-1	1	1	1	-1	-1	-1	1	1	1	1	1	1	1	2	-1	1	1	4	2	1	2	1	1	-1	1	2	4	2	1	2	1	3	1	1	-1	1	2	-1
TCGA-BJ-A2NA	1	-1	3	77	-1	1	4	3	-1	-1	-1	1	1	1	1	1	1	1	2	-1	1	1	5	2	1	2	1	1	-1	1	2	4	2	1	2	2	3	1	1	-1	1	1	-1
TCGA-BJ-A28X	1	-1	1	32	2	1	4	1	1	-1	2	5	1	1	1	1	1	1	2	-1	1	1	5	2	1	2	1	1	-1	1	2	3	2	4	2	1	2	1	1	3	1	2	-1
TCGA-BJ-A28Z	1	-1	1	46	-1	1	4	3	-1	-1	-1	1	1	1	1	2	1	2	2	-1	1	1	5	1	1	2	1	1	-1	1	2	3	2	1	2	-1	-1	1	1	-1	1	2	-1
TCGA-DE-A4M8	1	-1	3	61	2	1	1	3	1	-1	2	1	1	1	2	1	1	2	2	-1	1	1	4	2	1	2	1	1	-1	1	2	5	2	1	2	1	2	1	1	1	1	2	-1
TCGA-DE-A4M9	1	-1	2	28	2	1	1	1	1	-1	2	1	1	1	2	1	1	2	2	-1	1	1	4	2	1	2	1	1	-1	1	2	1	2	1	2	1	3	1	2	1	1	1	-1
TCGA-BJ-A28T	1	-1	3	34	-1	1	-1	1	-1	-1	-1	1	1	1	1	2	1	2	2	-1	1	1	6	1	1	2	1	1	-1	1	2	3	2	1	2	1	-1	1	1	-1	1	2	-1
TCGA-BJ-A28V	1	-1	3	80	-1	1	-1	3	-1	-1	-1	1	1	1	1	2	1	2	2	-1	1	1	5	1	1	2	1	1	-1	1	2	4	2	1	3	-1	-1	1	-1	-1	1	2	-1
TCGA-BJ-A28W	1	-1	3	32	-1	1	-1	1	-1	-1	-1	1	1	1	1	2	1	2	2	-1	1	1	4	1	1	2	1	1	12	1	2	4	2	1	2	-1	-1	1	1	-1	1	2	-1
TCGA-FY-A3YR	1	-1	2	64	2	1	4	3	1	-1	2	1	1	1	2	1	1	2	2	-1	1	1	5	2	1	2	1	1	-1	1	2	3	2	1	3	1	2	1	1	1	1	2	-1
TCGA-E8-A2JQ	1	-1	2	18	-1	1	4	1	-1	-1	-1	1	1	1	1	1	1	2	2	-1	1	1	5	2	1	2	1	1	-1	1	2	3	2	1	2	1	-1	1	1	-1	1	2	-1
TCGA-EL-A3CP	1	-1	-1	50	2	1	1	-1	1	-1	2	2	1	3	1	2	2	2	2	-1	1	1	6	1	3	2	1	1	-1	1	1	1	2	2	2	1	1	1	2	-1	1	2	-1
TCGA-EL-A3CS	1	-1	-1	62	2	1	2	4	1	-1	2	1	1	2	1	2	1	-1	1	-1	2	1	7	1	1	1	1	1	-1	1	2	4	1	1	2	2	2	1	1	-1	1	2	10
TCGA-EL-A3CR	1	-1	2	78	2	1	4	3	2	-1	2	1	1	3	1	2	1	-1	1	-1	2	1	5	1	1	2	1	1	-1	1	2	2	1	1	2	-1	3	1	1	-1	1	2	14
TCGA-EL-A3CU	1	-1	-1	70	2	1	1	3	1	-1	2	1	1	3	1	2	1	2	2	-1	1	1	6	1	1	2	1	1	-1	1	2	3	2	1	2	1	2	1	1	-1	1	2	-1
TCGA-EL-A3CT	1	-1	1	78	2	1	2	4	2	-1	2	1	1	2	1	2	1	-1	1	-1	2	1	7	1	1	2	1	1	-1	1	2	3	2	1	2	-1	2	1	1	-1	1	2	4
TCGA-EL-A3CW	1	-1	2	87	2	1	1	3	2	-1	2	1	1	3	1	2	1	-1	1	-1	2	1	4	1	1	2	1	1	-1	1	2	3	2	1	2	-1	2	1	1	-1	1	2	5
TCGA-EL-A3CV	1	-1	3	40	2	1	4	1	1	-1	2	1	1	2	1	2	1	2	2	-1	1	2	5	1	1	2	1	1	-1	1	2	2	2	1	2	1	3	1	1	-1	1	1	-1
TCGA-EL-A3CY	1	-1	2	28	2	1	1	1	2	-1	2	1	1	3	1	2	1	2	2	-1	1	1	1	1	1	1	1	1	-1	1	2	2	1	1	2	1	2	1	1	-1	1	1	-1
TCGA-EL-A3CX	1	-1	2	22	2	1	1	1	2	-1	2	1	1	2	1	2	1	2	2	-1	1	2	4	1	1	2	1	1	-1	1	2	4	2	1	2	1	2	1	1	-1	1	2	-1
TCGA-EL-A3CZ	1	-1	1	37	2	1	1	1	1	-1	2	1	1	2	1	2	1	1	2	-1	1	1	6	1	1	2	1	1	-1	1	2	3	2	1	2	1	3	1	1	-1	1	2	-1
TCGA-EL-A3CM	1	-1	3	64	2	1	4	3	1	-1	2	1	1	4	1	2	1	-1	1	-1	2	2	5	1	1	2	1	1	-1	1	2	2	2	1	2	-1	3	1	1	-1	1	2	12
TCGA-EL-A3CL	1	-1	4	70	2	1	1	2	2	-1	2	1	1	4	1	2	1	-1	1	-1	2	1	4	1	1	2	1	1	-1	1	2	1	2	1	2	-1	2	1	2	-1	1	2	3
TCGA-4C-A93U	1	-1	-1	-1	-1	1	-1	-1	-1	-1	-1	-1	-1	-1	1	-1	-1	-1	-1	-1	-1	-1	-1	-1	1	-1	-1	-1	-1	-1	2	-1	-1	-1	-1	-1	-1	1	-1	-1	-1	-1	-1
TCGA-EL-A3CN	1	-1	1	47	2	1	4	2	1	-1	2	1	1	3	1	2	1	2	2	-1	1	1	5	1	1	2	1	1	-1	1	2	4	2	1	2	1	4	1	1	-1	1	2	-1
TCGA-EL-A4JW	1	-1	2	38	2	1	1	1	1	-1	2	1	1	2	2	2	1	2	2	-1	1	1	6	1	1	2	1	1	-1	1	2	4	2	1	2	1	2	1	1	-1	1	2	-1
TCGA-EL-A4JV	1	-1	2	41	2	1	1	1	1	-1	2	1	1	2	2	2	3	2	2	-1	1	1	4	1	1	2	1	1	-1	1	2	4	2	1	2	1	2	1	1	-1	1	2	-1
TCGA-FY-A3R8	1	-1	1	62	2	1	4	3	1	-1	2	1	1	1	1	1	1	2	2	-1	1	1	5	2	1	2	1	1	-1	1	2	1	2	1	3	1	2	1	2	1	1	2	-1
TCGA-FY-A3R9	1	-1	3	66	-1	1	1	1	-1	-1	2	2	1	1	1	1	1	2	2	-1	1	1	8	2	1	2	1	1	-1	1	2	4	2	1	3	-1	2	1	1	-1	1	2	-1
TCGA-FY-A3R6	1	-1	1	57	-1	1	1	4	-1	-1	2	1	1	1	1	1	1	2	2	-1	1	1	4	2	1	2	1	1	-1	1	2	2	2	1	3	-1	2	1	1	-1	1	2	-1
TCGA-FY-A3R7	1	-1	3	50	-1	1	4	3	-1	-1	2	1	1	1	1	1	1	2	2	-1	1	1	5	2	1	2	1	1	-1	1	2	3	2	1	3	-1	-1	1	1	-1	1	2	-1
TCGA-EM-A1YE	1	-1	2	47	-1	1	1	2	-1	-1	-1	2	1	2	2	2	-1	2	2	-1	1	-1	4	1	3	2	1	1	-1	1	1	4	2	2	3	1	2	1	1	-1	1	2	-1
TCGA-EM-A2P2	1	-1	2	46	-1	1	1	3	-1	-1	-1	2	1	1	2	2	-1	2	2	-1	1	-1	5	1	3	2	1	1	-1	1	1	4	2	2	3	1	2	1	1	-1	1	1	-1
TCGA-EL-A4JX	1	-1	2	31	2	1	1	1	2	-1	2	1	1	2	2	2	2	2	2	-1	1	1	5	1	1	2	1	1	-1	1	2	4	2	1	3	1	2	1	1	-1	1	2	-1
TCGA-EM-A2P0	1	-1	1	33	-1	1	1	1	-1	-1	-1	1	1	1	2	2	-1	2	2	-1	1	-1	4	1	1	2	1	1	-1	1	2	2	2	1	3	1	2	1	1	-1	1	1	-1
TCGA-EM-A2P1	1	-1	1	33	-1	1	1	1	-1	-1	-1	1	1	1	2	2	-1	1	2	-1	1	-1	4	1	1	2	1	1	-1	1	2	2	2	1	3	2	2	1	1	-1	1	1	-1
TCGA-CE-A484	1	-1	2	37	2	1	1	1	2	-1	2	1	1	1	1	1	3	2	2	-1	1	1	4	2	1	2	1	1	-1	1	2	5	2	1	2	1	2	1	1	-1	1	2	-1
TCGA-ET-A2MZ	1	-1	2	39	-1	1	1	1	-1	-1	-1	1	1	1	1	2	1	2	2	-1	1	1	2	1	1	2	1	1	-1	1	2	4	2	1	3	1	1	1	1	-1	1	1	-1
TCGA-ET-A2MX	1	-1	2	27	2	1	1	1	1	-1	2	1	1	2	1	2	1	2	2	-1	1	1	4	1	1	2	1	1	-1	1	2	3	2	1	3	1	2	1	1	-1	1	1	-1
TCGA-ET-A2MY	1	-1	2	72	-1	1	1	1	-1	-1	-1	1	1	1	1	2	2	2	2	-1	1	1	2	1	1	2	1	1	-1	1	2	1	2	1	3	1	2	1	2	-1	1	2	-1
TCGA-H2-A3RI	1	-1	1	29	-1	1	4	1	-1	-1	-1	1	1	1	2	1	1	1	2	-1	1	1	5	2	1	2	1	1	-1	1	2	4	2	1	3	-1	-1	1	1	-1	1	2	-1
TCGA-H2-A3RH	1	-1	1	41	-1	1	1	1	-1	-1	-1	2	1	1	2	1	1	2	2	-1	1	1	2	2	3	2	1	1	-1	1	1	4	2	2	2	1	-1	1	1	-1	1	2	-1
